*&	2/16/2018	4:23 PM
User = Nils
Sample = 
Notes = 

236 Current Range = Autorange
NPLC = 0.00000E+0
Compliance = 0.00000E+0 A 
Sweep Type = Linear

Pulse Mode Off
Delay = 0.00000E+0 S 

Electrometer Current Range = Autorange
NPLC = 0.00000E+0
Vp = 9.61709E+1 V 
On/Off Ratio = 1.77925E-2
Mobility& = 5.85847E-2 cm^2/Vs 
Saturation Regime 
Transistor B2
T = -200.000000 C

Gate Leakage	-1.05000E-4	-1.05000E-4	-1.05000E-4	-1.05000E-4	-1.05000E-4	-1.05000E-4	-8.68095E-7	1.05001E-4	1.05000E-4	1.05001E-4	1.05001E-4	1.05001E-4	2.94458E-6
Gate Voltage	-60.00000	-50.00000	-40.00000	-30.00000	-20.00000	-10.00000	0.00000	10.00000	20.00000	30.00000	40.00000	50.00000	60.00000

Drain Voltage	Drain Current	Drain Current	Drain Current	Drain Current	Drain Current	Drain Current	Drain Current	Drain Current	Drain Current	Drain Current	Drain Current	Drain Current	Drain Current
0.00000E+0	1.04989E-4	1.04990E-4	1.04992E-4	1.04991E-4	1.04989E-4	1.04989E-4	-8.68313E-5	-1.04985E-4	-1.04987E-4	-1.04988E-4	-1.04988E-4	-1.04987E-4	-1.68977E-6
1.00000E+0	1.04989E-4	1.04990E-4	1.04992E-4	1.04990E-4	1.04991E-4	1.04990E-4	1.04992E-4	-1.04986E-4	-1.04988E-4	-1.04988E-4	-1.04988E-4	-1.04987E-4	-1.03563E-6
2.00000E+0	1.04989E-4	1.04990E-4	1.04991E-4	1.04992E-4	1.04990E-4	1.04990E-4	1.04992E-4	-1.04986E-4	-1.04987E-4	-1.04989E-4	-1.04986E-4	-1.04987E-4	-5.27594E-7
3.00000E+0	1.04997E-4	1.04997E-4	1.04999E-4	1.04997E-4	1.04997E-4	1.04996E-4	1.05000E-4	-1.04979E-4	-1.04980E-4	-1.04981E-4	-1.04981E-4	-1.04980E-4	2.98722E-7
4.00000E+0	1.05019E-4	1.05021E-4	1.05025E-4	1.05023E-4	1.05024E-4	1.05027E-4	1.05029E-4	-1.04948E-4	-1.04948E-4	-1.04947E-4	-1.04946E-4	-1.04945E-4	1.51747E-6
5.00000E+0	1.05039E-4	1.05043E-4	1.05048E-4	1.05053E-4	1.05058E-4	1.05065E-4	1.05072E-4	-1.04901E-4	-1.04898E-4	-1.04894E-4	-1.04889E-4	-1.04885E-4	3.15939E-6
6.00000E+0	1.05057E-4	1.05064E-4	1.05073E-4	1.05081E-4	1.05092E-4	1.05100E-4	1.05114E-4	-1.04854E-4	-1.04845E-4	-1.04837E-4	-1.04826E-4	-1.04815E-4	5.35732E-6
7.00000E+0	1.05077E-4	1.05088E-4	1.05100E-4	1.05112E-4	1.05124E-4	1.05138E-4	1.05156E-4	-1.04807E-4	-1.04793E-4	-1.04777E-4	-1.04758E-4	-1.04743E-4	7.87294E-6
8.00000E+0	1.05102E-4	1.05114E-4	1.05130E-4	1.05149E-4	1.05164E-4	1.05183E-4	1.05206E-4	-1.04752E-4	-1.04732E-4	-1.04710E-4	-1.04686E-4	-1.04663E-4	1.07217E-5
9.00000E+0	1.05133E-4	1.05150E-4	1.05171E-4	1.05193E-4	1.05214E-4	1.05238E-4	1.05267E-4	-1.04687E-4	-1.04662E-4	-1.04632E-4	-1.04602E-4	-1.04571E-4	1.37392E-5
1.00000E+1	1.05166E-4	1.05192E-4	1.05219E-4	1.05247E-4	1.05274E-4	1.05305E-4	1.05337E-4	-1.04608E-4	-1.04575E-4	-1.04540E-4	-1.04502E-4	-1.04466E-4	1.69706E-5
1.10000E+1	1.05209E-4	1.05241E-4	1.05277E-4	1.05313E-4	1.05347E-4	1.05387E-4	1.05424E-4	1.05474E-4	-1.04472E-4	-1.04430E-4	-1.04384E-4	-1.04338E-4	2.02971E-5
1.20000E+1	1.05261E-4	1.05304E-4	1.05349E-4	1.05397E-4	1.05437E-4	1.05487E-4	1.05529E-4	1.05588E-4	-1.04349E-4	-1.04298E-4	-1.04244E-4	-1.04189E-4	2.36890E-5
1.30000E+1	1.05322E-4	1.05381E-4	1.05436E-4	1.05497E-4	1.05547E-4	1.05604E-4	1.05657E-4	1.05726E-4	-1.04204E-4	-1.04143E-4	-1.04076E-4	-1.04011E-4	2.71257E-5
1.40000E+1	1.05396E-4	1.05473E-4	1.05546E-4	1.05617E-4	1.05679E-4	1.05748E-4	1.05813E-4	1.05891E-4	-1.04029E-4	-1.03956E-4	-1.03875E-4	-1.03801E-4	3.05813E-5
1.50000E+1	1.05484E-4	1.05587E-4	1.05676E-4	1.05766E-4	1.05836E-4	1.05919E-4	1.05996E-4	1.06088E-4	-1.03821E-4	-1.03733E-4	-1.03646E-4	-1.03555E-4	3.40234E-5
1.60000E+1	1.05589E-4	1.05728E-4	1.05837E-4	1.05941E-4	1.06031E-4	1.06129E-4	1.06215E-4	1.06324E-4	-1.03564E-4	-1.03474E-4	-1.03367E-4	-1.03264E-4	3.74438E-5
1.70000E+1	1.05719E-4	1.05894E-4	1.06034E-4	1.06157E-4	1.06260E-4	1.06374E-4	1.06481E-4	1.06599E-4	-1.03268E-4	-1.03159E-4	-1.03045E-4	-1.02933E-4	4.07931E-5
1.80000E+1	1.05871E-4	1.06102E-4	1.06267E-4	1.06408E-4	1.06542E-4	1.06673E-4	1.06788E-4	1.06929E-4	-1.02921E-4	-1.02803E-4	-1.02660E-4	-1.02534E-4	4.41291E-5
1.90000E+1	1.06058E-4	1.06345E-4	1.06552E-4	1.06719E-4	1.06874E-4	1.07010E-4	1.07169E-4	1.07315E-4	-1.02508E-4	-1.02375E-4	-1.02217E-4	-1.02073E-4	4.73575E-5
2.00000E+1	1.06288E-4	1.06653E-4	1.06882E-4	1.07087E-4	1.07255E-4	1.07422E-4	1.07592E-4	1.07773E-4	5.45604E-5	-1.01876E-4	-1.01709E-4	-1.01548E-4	5.05417E-5
2.10000E+1	1.06562E-4	1.06997E-4	1.07280E-4	1.07512E-4	1.07700E-4	1.07908E-4	1.08096E-4	1.08296E-4	1.08491E-4	-1.01322E-4	-1.01124E-4	-1.00947E-4	5.36833E-5
2.20000E+1	1.06886E-4	1.07410E-4	1.07733E-4	1.07998E-4	1.08224E-4	1.08452E-4	1.08661E-4	1.08906E-4	1.09117E-4	-1.00675E-4	-1.00472E-4	-1.00266E-4	5.67491E-5
2.30000E+1	1.07278E-4	1.07890E-4	1.08279E-4	1.08582E-4	1.08841E-4	1.09081E-4	1.09325E-4	1.09597E-4	1.09826E-4	-9.99450E-5	-9.97077E-5	-9.94769E-5	5.97487E-5
2.40000E+1	1.07724E-4	1.08466E-4	1.08887E-4	1.09243E-4	1.09538E-4	1.09803E-4	1.10068E-4	1.10372E-4	1.10646E-4	-9.91196E-5	-9.88548E-5	-9.85779E-5	6.26338E-5
2.50000E+1	1.08278E-4	1.09124E-4	1.09599E-4	1.10001E-4	1.10331E-4	1.10624E-4	1.10923E-4	1.11247E-4	1.11557E-4	-9.81743E-5	-9.78911E-5	-9.76025E-5	6.54396E-5
2.60000E+1	1.08908E-4	1.09865E-4	1.10402E-4	1.10854E-4	1.11210E-4	1.11544E-4	1.11875E-4	1.12220E-4	1.12563E-4	-9.71222E-5	-9.68223E-5	-9.64990E-5	6.81983E-5
2.70000E+1	1.09628E-4	1.10720E-4	1.11329E-4	1.11817E-4	1.12224E-4	1.12559E-4	1.12925E-4	1.13323E-4	1.13697E-4	-9.59729E-5	-9.56429E-5	-9.52506E-5	7.08199E-5
2.80000E+1	1.10473E-4	1.11699E-4	1.12346E-4	1.12884E-4	1.13332E-4	1.13734E-4	1.14114E-4	1.14557E-4	1.14946E-4	-9.46805E-5	-9.43119E-5	-9.39050E-5	7.34228E-5
2.90000E+1	1.11423E-4	1.12797E-4	1.13502E-4	1.14082E-4	1.14566E-4	1.15034E-4	1.15423E-4	1.15921E-4	1.16336E-4	-9.32640E-5	-9.28772E-5	-9.24550E-5	7.58922E-5
3.00000E+1	1.12510E-4	1.13979E-4	1.14765E-4	1.15404E-4	1.15920E-4	1.16425E-4	1.16860E-4	1.17390E-4	1.17849E-4	1.14776E-4	-9.12956E-5	-9.08579E-5	7.83289E-5
3.10000E+1	1.13736E-4	1.15325E-4	1.16172E-4	1.16862E-4	1.17418E-4	1.17963E-4	1.18456E-4	1.19003E-4	1.19508E-4	1.19929E-4	-8.95805E-5	-8.90888E-5	8.06876E-5
3.20000E+1	1.15071E-4	1.16798E-4	1.17701E-4	1.18432E-4	1.19051E-4	1.19631E-4	1.20178E-4	1.20726E-4	1.21269E-4	1.21781E-4	-8.77185E-5	-8.71832E-5	8.29913E-5
3.30000E+1	1.16516E-4	1.18415E-4	1.19392E-4	1.20177E-4	1.20823E-4	1.21423E-4	1.22036E-4	1.22643E-4	1.23229E-4	1.23741E-4	-8.56579E-5	-8.51476E-5	8.51416E-5
3.40000E+1	1.18133E-4	1.20166E-4	1.21193E-4	1.22046E-4	1.22728E-4	1.23406E-4	1.24010E-4	1.24685E-4	1.25328E-4	1.25877E-4	-8.34903E-5	-8.29963E-5	8.72428E-5
3.50000E+1	1.19871E-4	1.22024E-4	1.23157E-4	1.24100E-4	1.24793E-4	1.25518E-4	1.26189E-4	1.26866E-4	1.27553E-4	1.28128E-4	-8.12310E-5	-8.06532E-5	8.92659E-5
3.60000E+1	1.21803E-4	1.24053E-4	1.25251E-4	1.26256E-4	1.27008E-4	1.27789E-4	1.28508E-4	1.29225E-4	1.29921E-4	1.30590E-4	-7.87410E-5	-7.81532E-5	9.12021E-5
3.70000E+1	1.23912E-4	1.26265E-4	1.27532E-4	1.28560E-4	1.29373E-4	1.30212E-4	1.31004E-4	1.31764E-4	1.32453E-4	1.33166E-4	-7.61461E-5	-7.54725E-5	9.31082E-5
3.80000E+1	1.26176E-4	1.28638E-4	1.29974E-4	1.31058E-4	1.31920E-4	1.32791E-4	1.33637E-4	1.34440E-4	1.35203E-4	1.35902E-4	-7.33071E-5	-7.26555E-5	9.48933E-5
3.90000E+1	1.28601E-4	1.31142E-4	1.32566E-4	1.33712E-4	1.34646E-4	1.35579E-4	1.36424E-4	1.37294E-4	1.38047E-4	1.38815E-4	-7.03590E-5	-6.96607E-5	9.66045E-5
4.00000E+1	1.31191E-4	1.33850E-4	1.35322E-4	1.36541E-4	1.37494E-4	1.38494E-4	1.39391E-4	1.40275E-4	1.41078E-4	1.41916E-4	1.42733E-4	-6.64857E-5	9.82420E-5
4.10000E+1	1.33958E-4	1.36700E-4	1.38256E-4	1.39567E-4	1.40523E-4	1.41538E-4	1.42518E-4	1.43448E-4	1.44297E-4	1.45146E-4	1.46027E-4	-6.31772E-5	9.97715E-5
4.20000E+1	1.36998E-4	1.39799E-4	1.41354E-4	1.42681E-4	1.43733E-4	1.44801E-4	1.45879E-4	1.46809E-4	1.47670E-4	1.48590E-4	1.49493E-4	-5.97031E-5	1.01253E-4
4.30000E+1	1.40106E-4	1.42980E-4	1.44647E-4	1.46064E-4	1.47099E-4	1.48224E-4	1.49328E-4	1.50326E-4	1.51269E-4	1.52195E-4	1.53127E-4	-5.60427E-5	1.02709E-4
4.40000E+1	1.43430E-4	1.46387E-4	1.48091E-4	1.49566E-4	1.50665E-4	1.51869E-4	1.52950E-4	1.53996E-4	1.54983E-4	1.55933E-4	1.56878E-4	-5.21897E-5	1.04076E-4
4.50000E+1	1.46895E-4	1.49980E-4	1.51753E-4	1.53255E-4	1.54406E-4	1.55677E-4	1.56771E-4	1.57873E-4	1.58881E-4	1.59868E-4	1.60846E-4	-4.81902E-5	1.05343E-4
4.60000E+1	1.50634E-4	1.53789E-4	1.55588E-4	1.57088E-4	1.58393E-4	1.59650E-4	1.60781E-4	1.61950E-4	1.62994E-4	1.64027E-4	1.64949E-4	-4.40234E-5	1.06514E-4
4.70000E+1	1.54573E-4	1.57729E-4	1.59656E-4	1.61181E-4	1.62602E-4	1.63814E-4	1.64987E-4	1.66197E-4	1.67250E-4	1.68287E-4	1.69343E-4	-3.97019E-5	1.07640E-4
4.80000E+1	1.58694E-4	1.61851E-4	1.63845E-4	1.65408E-4	1.66866E-4	1.68138E-4	1.69413E-4	1.70617E-4	1.71704E-4	1.72763E-4	1.73825E-4	-3.51582E-5	1.08743E-4
4.90000E+1	1.63006E-4	1.66202E-4	1.68236E-4	1.69875E-4	1.71381E-4	1.72696E-4	1.74021E-4	1.75244E-4	1.76402E-4	1.77473E-4	1.78531E-4	-3.04438E-5	1.09733E-4
5.00000E+1	1.67577E-4	1.70804E-4	1.72834E-4	1.74531E-4	1.76017E-4	1.77391E-4	1.78727E-4	1.80042E-4	1.81195E-4	1.82328E-4	1.83401E-4	1.84434E-4	1.10668E-4
5.10000E+1	1.72293E-4	1.75535E-4	1.77606E-4	1.79371E-4	1.80898E-4	1.82339E-4	1.83693E-4	1.85059E-4	1.86209E-4	1.87340E-4	1.88417E-4	1.89522E-4	1.11501E-4
5.20000E+1	1.77259E-4	1.80486E-4	1.82662E-4	1.84464E-4	1.86012E-4	1.87431E-4	1.88819E-4	1.90195E-4	1.91446E-4	1.92519E-4	1.93748E-4	1.94790E-4	1.12272E-4
5.30000E+1	1.82436E-4	1.85662E-4	1.87916E-4	1.89685E-4	1.91339E-4	1.92790E-4	1.94196E-4	1.95591E-4	1.96830E-4	1.97987E-4	1.99185E-4	2.00243E-4	1.13046E-4
5.40000E+1	1.87770E-4	1.91111E-4	1.93341E-4	1.95185E-4	1.96833E-4	1.98300E-4	1.99767E-4	2.01200E-4	2.02472E-4	2.03686E-4	2.04889E-4	2.05937E-4	1.13715E-4
5.50000E+1	1.93380E-4	1.96694E-4	1.98983E-4	2.00873E-4	2.02536E-4	2.04020E-4	2.05577E-4	2.06983E-4	2.08308E-4	2.09584E-4	2.10742E-4	2.11821E-4	1.14312E-4
5.60000E+1	1.99094E-4	2.02511E-4	2.04903E-4	2.06755E-4	2.08481E-4	2.10050E-4	2.11559E-4	2.13033E-4	2.14295E-4	2.15615E-4	2.16785E-4	2.17958E-4	1.14899E-4
5.70000E+1	2.05157E-4	2.08638E-4	2.10980E-4	2.12877E-4	2.14682E-4	2.16182E-4	2.17741E-4	2.19272E-4	2.20558E-4	2.21869E-4	2.23081E-4	8.26108E-5	1.15433E-4
5.80000E+1	2.11481E-4	2.14888E-4	2.17328E-4	2.19225E-4	2.21058E-4	2.22660E-4	2.24218E-4	2.25727E-4	2.27039E-4	2.28349E-4	2.29606E-4	8.14005E-5	1.15934E-4
5.90000E+1	2.17982E-4	2.21345E-4	2.23796E-4	2.25832E-4	2.27662E-4	2.29289E-4	2.30839E-4	2.32341E-4	2.33759E-4	2.35061E-4	2.36336E-4	8.50186E-5	1.16335E-4
6.00000E+1	6.60708E-5	6.60686E-5	6.60721E-5	6.60652E-5	6.60633E-5	6.60673E-5	6.60623E-5	6.70742E-5	6.70677E-5	6.70702E-5	6.70664E-5	2.17258E-5	1.17556E-6
