*&	2/16/2018	12:31 PM
User = Nils
Sample = 
Notes = 

236 Current Range = Autorange
NPLC = 0.00000E+0
Compliance = 0.00000E+0 A 
Sweep Type = Linear

Pulse Mode Off
Delay = 0.00000E+0 S 

Electrometer Current Range = Autorange
NPLC = 0.00000E+0
Vp = -2.27784E+4 V 
On/Off Ratio = 1.05918E+0
Mobility& = 2.61267E-6 cm^2/Vs 
Saturation Regime 
Transistor B2
T = -200.000000 C

Gate Leakage	-1.05003E-4	-1.05002E-4	-1.05003E-4
Drain Voltage	58.00000	59.00000	60.00000

Gate Voltage	Drain Current	Drain Current	Drain Current
-2.50000E+1	1.82588E-4	2.08474E-4	2.26230E-4
-2.40000E+1	1.84736E-4	2.09697E-4	2.27107E-4
-2.30000E+1	1.85897E-4	2.10328E-4	2.27417E-4
-2.20000E+1	1.86961E-4	2.10888E-4	2.27724E-4
-2.10000E+1	1.87921E-4	2.11210E-4	2.28026E-4
-2.00000E+1	1.88494E-4	2.11553E-4	2.28275E-4
-1.90000E+1	1.89109E-4	2.12005E-4	2.28530E-4
-1.80000E+1	1.89620E-4	2.12341E-4	2.28650E-4
-1.70000E+1	1.90148E-4	2.12575E-4	2.28863E-4
-1.60000E+1	1.90519E-4	2.12733E-4	2.29027E-4
-1.50000E+1	1.90871E-4	2.13119E-4	2.29184E-4
-1.40000E+1	1.91377E-4	2.13178E-4	2.29343E-4
-1.30000E+1	1.91628E-4	2.13394E-4	2.29515E-4
-1.20000E+1	1.91998E-4	2.13602E-4	2.29651E-4
-1.10000E+1	1.92195E-4	2.13750E-4	2.29706E-4
-1.00000E+1	1.92590E-4	2.13875E-4	2.29840E-4
-9.00000E+0	1.92767E-4	2.13976E-4	2.29973E-4
-8.00000E+0	1.93091E-4	2.14326E-4	2.30130E-4
-7.00000E+0	1.93376E-4	2.14379E-4	2.30351E-4
-6.00000E+0	1.93741E-4	2.14558E-4	2.30436E-4
-5.00000E+0	1.93949E-4	2.14753E-4	2.30636E-4
-4.00000E+0	1.94184E-4	2.14852E-4	2.30705E-4
-3.00000E+0	1.94342E-4	2.14974E-4	2.30844E-4
-2.00000E+0	1.94576E-4	2.15094E-4	2.30876E-4
-1.00000E+0	1.95041E-4	2.15193E-4	2.31036E-4
0.00000E+0	1.95158E-4	2.15361E-4	2.31142E-4
1.00000E+0	1.95428E-4	2.15541E-4	2.31218E-4
2.00000E+0	1.95596E-4	2.15628E-4	2.31262E-4
3.00000E+0	1.95831E-4	2.15736E-4	2.31371E-4
4.00000E+0	1.96025E-4	2.15861E-4	2.31576E-4
5.00000E+0	1.96215E-4	2.16008E-4	2.31578E-4
6.00000E+0	1.96279E-4	2.16164E-4	2.31626E-4
7.00000E+0	1.96598E-4	2.16250E-4	2.31798E-4
8.00000E+0	1.96684E-4	2.16418E-4	2.31836E-4
9.00000E+0	1.96709E-4	2.16609E-4	2.32041E-4
1.00000E+1	1.96997E-4	2.16635E-4	2.32155E-4
1.10000E+1	1.97151E-4	2.16674E-4	2.32250E-4
1.20000E+1	1.97238E-4	2.16782E-4	2.32274E-4
1.30000E+1	1.97438E-4	2.16920E-4	2.32332E-4
1.40000E+1	1.97577E-4	2.16983E-4	2.32430E-4
1.50000E+1	1.97654E-4	2.17062E-4	2.32428E-4
1.60000E+1	1.97697E-4	2.17101E-4	2.32605E-4
1.70000E+1	1.97784E-4	2.17129E-4	2.32654E-4
1.80000E+1	1.97883E-4	2.17345E-4	2.32722E-4
1.90000E+1	1.98178E-4	2.17317E-4	2.32840E-4
2.00000E+1	1.98247E-4	2.17490E-4	2.32955E-4
2.10000E+1	1.98528E-4	2.17569E-4	2.33072E-4
2.20000E+1	1.98451E-4	2.17743E-4	2.33108E-4
2.30000E+1	1.98659E-4	2.17504E-4	2.33140E-4
2.40000E+1	1.98775E-4	2.17454E-4	2.33247E-4
2.50000E+1	1.98775E-4	2.17680E-4	2.33340E-4
2.60000E+1	1.98807E-4	2.17643E-4	2.33387E-4
2.70000E+1	1.99163E-4	2.17830E-4	2.33360E-4
2.80000E+1	1.99140E-4	2.17768E-4	2.33445E-4
2.90000E+1	1.99183E-4	2.17970E-4	2.33488E-4
3.00000E+1	1.99300E-4	2.18193E-4	2.33431E-4
3.10000E+1	1.99363E-4	2.18285E-4	2.33493E-4
3.20000E+1	1.99448E-4	2.18366E-4	2.33635E-4
3.30000E+1	1.99470E-4	2.18378E-4	2.33722E-4
3.40000E+1	1.99628E-4	2.18406E-4	2.33783E-4
3.50000E+1	1.99627E-4	2.18519E-4	2.33863E-4
3.60000E+1	1.99883E-4	2.18622E-4	2.33897E-4
3.70000E+1	2.00024E-4	2.18769E-4	2.33893E-4
3.80000E+1	2.00276E-4	2.18889E-4	2.34115E-4
3.90000E+1	2.00388E-4	2.18930E-4	2.34226E-4
4.00000E+1	2.00446E-4	2.19025E-4	2.34334E-4
4.10000E+1	2.00653E-4	2.19165E-4	2.34321E-4
4.20000E+1	2.00918E-4	2.19198E-4	2.34373E-4
4.30000E+1	2.00917E-4	2.19105E-4	2.34272E-4
4.40000E+1	2.01124E-4	2.19389E-4	2.34413E-4
4.50000E+1	2.01233E-4	2.19515E-4	2.34461E-4
4.60000E+1	2.01289E-4	2.19441E-4	2.34626E-4
4.70000E+1	2.01298E-4	2.19403E-4	2.34665E-4
4.80000E+1	2.01452E-4	2.19673E-4	2.34739E-4
4.90000E+1	2.01585E-4	2.19877E-4	2.34783E-4
5.00000E+1	2.01643E-4	2.19744E-4	2.34867E-4
5.10000E+1	2.01814E-4	2.19937E-4	2.35071E-4
5.20000E+1	2.02034E-4	2.19896E-4	2.35132E-4
5.30000E+1	2.02176E-4	2.19979E-4	2.35082E-4
5.40000E+1	2.02404E-4	2.20106E-4	2.35097E-4
5.50000E+1	2.02423E-4	2.20241E-4	2.35111E-4
5.60000E+1	2.02632E-4	2.20289E-4	2.35169E-4
5.70000E+1	2.02717E-4	2.20223E-4	2.35206E-4
5.80000E+1	2.02800E-4	2.20327E-4	2.35325E-4
5.90000E+1	-7.10948E-6	2.20452E-4	2.35331E-4
6.00000E+1	-7.00995E-6	1.06465E-5	2.35357E-4
5.90000E+1	-6.91344E-6	2.20741E-4	2.35460E-4
5.80000E+1	2.03191E-4	2.20750E-4	2.35531E-4
5.70000E+1	2.03218E-4	2.20738E-4	2.35551E-4
5.60000E+1	2.03186E-4	2.20867E-4	2.35684E-4
5.50000E+1	2.03376E-4	2.20994E-4	2.35750E-4
5.40000E+1	2.03573E-4	2.20956E-4	2.35660E-4
5.30000E+1	2.03725E-4	2.20976E-4	2.35730E-4
5.20000E+1	2.03606E-4	2.21031E-4	2.35763E-4
5.10000E+1	2.03566E-4	2.21128E-4	2.35695E-4
5.00000E+1	2.03641E-4	2.21063E-4	2.35835E-4
4.90000E+1	2.03638E-4	2.21204E-4	2.35952E-4
4.80000E+1	2.03757E-4	2.21301E-4	2.36046E-4
4.70000E+1	2.03717E-4	2.21433E-4	2.36087E-4
4.60000E+1	2.03793E-4	2.21418E-4	2.36103E-4
4.50000E+1	2.03982E-4	2.21449E-4	2.36215E-4
4.40000E+1	2.04055E-4	2.21505E-4	2.36176E-4
4.30000E+1	2.04075E-4	2.21665E-4	2.36241E-4
4.20000E+1	2.04304E-4	2.21697E-4	2.36244E-4
4.10000E+1	2.04385E-4	2.21894E-4	2.36318E-4
4.00000E+1	2.04386E-4	2.21942E-4	2.36373E-4
3.90000E+1	2.04626E-4	2.21996E-4	2.36469E-4
3.80000E+1	2.04668E-4	2.21991E-4	2.36631E-4
3.70000E+1	2.04596E-4	2.22020E-4	2.36551E-4
3.60000E+1	2.04754E-4	2.22151E-4	2.36637E-4
3.50000E+1	2.04806E-4	2.22140E-4	2.36639E-4
3.40000E+1	2.04912E-4	2.22140E-4	2.36633E-4
3.30000E+1	2.05006E-4	2.22251E-4	2.36685E-4
3.20000E+1	2.05007E-4	2.22349E-4	2.36668E-4
3.10000E+1	2.05096E-4	2.22461E-4	2.36747E-4
3.00000E+1	2.05302E-4	2.22286E-4	2.36772E-4
2.90000E+1	2.05232E-4	2.22460E-4	2.36909E-4
2.80000E+1	2.05345E-4	2.22534E-4	2.37056E-4
2.70000E+1	2.05474E-4	2.22589E-4	2.37038E-4
2.60000E+1	2.05591E-4	2.22514E-4	2.37102E-4
2.50000E+1	2.05660E-4	2.22738E-4	2.37144E-4
2.40000E+1	2.05767E-4	2.22834E-4	2.37185E-4
2.30000E+1	2.05865E-4	2.22858E-4	2.37270E-4
2.20000E+1	2.05949E-4	2.22898E-4	2.37467E-4
2.10000E+1	2.06041E-4	2.22969E-4	2.37387E-4
2.00000E+1	2.06044E-4	2.23028E-4	2.37403E-4
1.90000E+1	2.06083E-4	2.23073E-4	2.37564E-4
1.80000E+1	2.06063E-4	2.23137E-4	2.37595E-4
1.70000E+1	2.06312E-4	2.23225E-4	2.37579E-4
1.60000E+1	2.06452E-4	2.23250E-4	2.37527E-4
1.50000E+1	2.06541E-4	2.23346E-4	2.37649E-4
1.40000E+1	2.06630E-4	2.23341E-4	2.37607E-4
1.30000E+1	2.06625E-4	2.23581E-4	2.37690E-4
1.20000E+1	2.06840E-4	2.23610E-4	2.37768E-4
1.10000E+1	2.06833E-4	2.23417E-4	2.37993E-4
1.00000E+1	2.06929E-4	2.23472E-4	2.37921E-4
9.00000E+0	2.06989E-4	2.23755E-4	2.37950E-4
8.00000E+0	2.07166E-4	2.23884E-4	2.38086E-4
7.00000E+0	2.07172E-4	2.23718E-4	2.38040E-4
6.00000E+0	2.07212E-4	2.23935E-4	2.38070E-4
5.00000E+0	2.07176E-4	2.24109E-4	2.38082E-4
4.00000E+0	2.07254E-4	2.24209E-4	2.38164E-4
3.00000E+0	2.07409E-4	2.24241E-4	2.38265E-4
2.00000E+0	2.07460E-4	2.24400E-4	2.38341E-4
1.00000E+0	2.07438E-4	2.24554E-4	2.38395E-4
0.00000E+0	2.07433E-4	2.24647E-4	2.38444E-4
-1.00000E+0	2.07554E-4	2.24649E-4	2.38496E-4
-2.00000E+0	2.07648E-4	2.25104E-4	2.38502E-4
-3.00000E+0	2.07572E-4	2.25220E-4	2.38460E-4
-4.00000E+0	2.07772E-4	2.25260E-4	2.38545E-4
-5.00000E+0	2.07787E-4	2.25067E-4	2.38544E-4
-6.00000E+0	2.07865E-4	2.25252E-4	2.38637E-4
-7.00000E+0	2.07964E-4	2.25314E-4	2.38631E-4
-8.00000E+0	2.08054E-4	2.25436E-4	2.38755E-4
-9.00000E+0	2.08107E-4	2.25237E-4	2.38851E-4
-1.00000E+1	2.08107E-4	2.25470E-4	2.38852E-4
-1.10000E+1	2.08138E-4	2.25479E-4	2.38993E-4
-1.20000E+1	2.08393E-4	2.25429E-4	2.39049E-4
-1.30000E+1	2.08456E-4	2.25541E-4	2.38936E-4
-1.40000E+1	2.08577E-4	2.25675E-4	2.39074E-4
-1.50000E+1	2.08593E-4	2.25737E-4	2.39097E-4
-1.60000E+1	2.08732E-4	2.25504E-4	2.39160E-4
-1.70000E+1	2.08676E-4	2.25700E-4	2.39203E-4
-1.80000E+1	2.08836E-4	2.25874E-4	2.39280E-4
-1.90000E+1	2.08978E-4	2.25822E-4	2.39240E-4
-2.00000E+1	2.08970E-4	2.25779E-4	2.39354E-4
-2.10000E+1	2.08930E-4	2.25939E-4	2.39446E-4
-2.20000E+1	2.08942E-4	2.26086E-4	2.39487E-4
-2.30000E+1	2.09120E-4	2.26272E-4	2.39439E-4
-2.40000E+1	2.09134E-4	2.26234E-4	2.39619E-4
-2.50000E+1	2.09263E-4	2.26200E-4	2.39579E-4
