*&	2/16/2018	2:21 PM
User = Nils
Sample = 
Notes = 

236 Current Range = Autorange
NPLC = 0.00000E+0
Compliance = 0.00000E+0 A 
Sweep Type = Linear

Pulse Mode Off
Delay = 0.00000E+0 S 

Electrometer Current Range = Autorange
NPLC = 0.00000E+0
Vp = -7.92571E+0 V 
On/Off Ratio = -1.01726E+3
Mobility& = 6.51855E-3 cm^2/Vs 
Saturation Regime 
Transistor E8
T = -200.000000 C

Gate Leakage	-4.48199E-9	-3.53611E-9	-4.65661E-9
Drain Voltage	58.00000	59.00000	60.00000

Gate Voltage	Drain Current	Drain Current	Drain Current
-2.50000E+1	1.49012E-8	1.32714E-8	-8.14907E-9
-2.40000E+1	1.21072E-8	9.77889E-9	5.58794E-9
-2.30000E+1	1.08266E-8	1.15251E-8	6.28643E-9
-2.20000E+1	1.00117E-8	8.26549E-9	5.23869E-9
-2.10000E+1	9.31323E-9	8.26549E-9	4.30737E-9
-2.00000E+1	8.73115E-9	8.73115E-9	3.95812E-9
-1.90000E+1	9.31323E-9	7.68341E-9	4.19095E-9
-1.80000E+1	7.68341E-9	9.54606E-9	3.37604E-9
-1.70000E+1	7.91624E-9	7.68341E-9	3.37604E-9
-1.60000E+1	8.73115E-9	8.49832E-9	3.02680E-9
-1.50000E+1	6.98492E-9	7.68341E-9	3.14321E-9
-1.40000E+1	6.98492E-9	8.26549E-9	2.21189E-9
-1.30000E+1	6.51926E-9	7.45058E-9	3.02680E-9
-1.20000E+1	6.98492E-9	7.10134E-9	2.32831E-9
-1.10000E+1	6.51926E-9	7.68341E-9	2.79397E-9
-1.00000E+1	6.28643E-9	8.38190E-9	2.67755E-9
-9.00000E+0	6.98492E-9	6.40284E-9	2.56114E-9
-8.00000E+0	6.40284E-9	6.86850E-9	3.02680E-9
-7.00000E+0	6.86850E-9	6.28643E-9	2.79397E-9
-6.00000E+0	6.17001E-9	8.73115E-9	2.32831E-9
-5.00000E+0	6.75209E-9	7.33416E-9	3.49246E-9
-4.00000E+0	7.45058E-9	7.33416E-9	2.32831E-9
-3.00000E+0	6.05360E-9	6.98492E-9	1.97906E-9
-2.00000E+0	6.75209E-9	6.98492E-9	2.21189E-9
-1.00000E+0	6.75209E-9	7.21775E-9	2.09548E-9
0.00000E+0	6.75209E-9	7.10134E-9	2.21189E-9
1.00000E+0	7.10134E-9	7.21775E-9	2.32831E-9
2.00000E+0	6.51926E-9	6.75209E-9	1.97906E-9
3.00000E+0	6.98492E-9	7.10134E-9	2.56114E-9
4.00000E+0	8.49832E-9	8.26549E-9	5.93718E-9
5.00000E+0	1.10595E-8	1.39698E-8	1.12923E-8
6.00000E+0	1.87429E-8	2.06055E-8	1.79280E-8
7.00000E+0	2.45636E-8	2.77069E-8	2.51457E-8
8.00000E+0	3.34112E-8	3.70201E-8	3.38769E-8
9.00000E+0	4.22588E-8	4.52856E-8	4.42378E-8
1.00000E+1	5.22705E-8	5.52973E-8	5.42495E-8
1.10000E+1	6.26314E-8	6.67060E-8	6.75209E-8
1.20000E+1	7.40401E-8	8.16071E-8	8.11415E-8
1.30000E+1	8.75443E-8	9.56934E-8	9.75560E-8
1.40000E+1	1.04774E-7	1.12457E-7	1.16182E-7
1.50000E+1	1.22935E-7	1.34227E-7	1.37603E-7
1.60000E+1	1.41561E-7	1.58790E-7	1.62050E-7
1.70000E+1	1.66590E-7	1.85799E-7	1.91387E-7
1.80000E+1	1.94064E-7	2.16649E-7	2.24565E-7
1.90000E+1	2.25264E-7	2.52156E-7	2.61585E-7
2.00000E+1	2.64961E-7	2.93949E-7	3.02447E-7
2.10000E+1	3.04543E-7	3.37604E-7	3.51458E-7
2.20000E+1	3.46219E-7	3.87430E-7	4.03845E-7
2.30000E+1	3.96627E-7	4.44357E-7	4.60772E-7
2.40000E+1	4.55999E-7	5.04777E-7	5.23752E-7
2.50000E+1	5.15604E-7	5.73811E-7	5.93835E-7
2.60000E+1	5.86966E-7	6.47618E-7	6.70552E-7
2.70000E+1	6.62287E-7	7.22241E-7	7.56350E-7
2.80000E+1	7.43661E-7	8.13277E-7	8.51694E-7
2.90000E+1	8.34931E-7	9.08738E-7	9.44594E-7
3.00000E+1	9.34233E-7	1.01060E-6	1.05193E-6
3.10000E+1	1.03773E-6	1.11794E-6	1.16404E-6
3.20000E+1	1.15414E-6	1.23482E-6	1.28441E-6
3.30000E+1	1.27091E-6	1.35833E-6	1.41154E-6
3.40000E+1	1.40513E-6	1.49221E-6	1.54739E-6
3.50000E+1	1.54285E-6	1.63796E-6	1.69571E-6
3.60000E+1	1.69140E-6	1.79128E-6	1.84483E-6
3.70000E+1	1.85426E-6	1.95100E-6	2.01038E-6
3.80000E+1	2.01818E-6	2.12097E-6	2.18104E-6
3.90000E+1	2.19804E-6	2.29943E-6	2.36335E-6
4.00000E+1	2.38197E-6	2.48570E-6	2.55462E-6
4.10000E+1	2.57860E-6	2.68302E-6	2.75264E-6
4.20000E+1	2.78058E-6	2.88733E-6	2.96091E-6
4.30000E+1	2.99478E-6	3.09944E-6	3.17534E-6
4.40000E+1	3.21655E-6	3.32668E-6	3.39618E-6
4.50000E+1	3.45719E-6	3.55626E-6	3.64240E-6
4.60000E+1	3.69479E-6	3.80201E-6	3.88408E-6
4.70000E+1	3.94531E-6	4.04764E-6	4.13868E-6
4.80000E+1	4.20643E-6	4.30842E-6	4.40236E-6
4.90000E+1	4.47780E-6	4.58432E-6	4.68164E-6
5.00000E+1	4.75359E-6	4.86593E-6	4.96372E-6
5.10000E+1	5.04439E-6	5.15243E-6	5.25452E-6
5.20000E+1	5.34137E-6	5.45266E-6	5.55674E-6
5.30000E+1	5.64812E-6	5.75767E-6	5.86757E-6
5.40000E+1	5.96640E-6	6.07723E-6	6.18398E-6
5.50000E+1	6.29062E-6	6.40331E-6	6.51286E-6
5.60000E+1	6.62391E-6	6.74371E-6	6.85384E-6
5.70000E+1	6.96490E-6	7.08911E-6	7.20215E-6
5.80000E+1	7.31368E-6	7.44208E-6	7.55012E-6
5.90000E+1	7.67538E-6	6.44533E-6	7.91484E-6
6.00000E+1	8.03906E-6	1.47848E-6	8.28970E-6
5.90000E+1	7.67712E-6	1.36881E-6	7.91787E-6
5.80000E+1	7.33323E-6	4.17244E-6	7.55722E-6
5.70000E+1	6.99412E-6	7.12287E-6	7.21286E-6
5.60000E+1	6.65581E-6	6.78154E-6	6.87141E-6
5.50000E+1	6.32112E-6	6.44743E-6	6.54173E-6
5.40000E+1	6.00517E-6	6.12764E-6	6.22054E-6
5.30000E+1	5.69329E-6	5.81308E-6	5.89923E-6
5.20000E+1	5.38933E-6	5.50493E-6	5.59573E-6
5.10000E+1	5.09643E-6	5.20877E-6	5.29760E-6
5.00000E+1	4.81517E-6	4.92146E-6	5.00889E-6
4.90000E+1	4.53973E-6	4.64357E-6	4.72856E-6
4.80000E+1	4.27337E-6	4.37151E-6	4.45405E-6
4.70000E+1	4.01563E-6	4.11551E-6	4.19386E-6
4.60000E+1	3.76953E-6	3.86627E-6	3.94695E-6
4.50000E+1	3.53018E-6	3.62063E-6	3.69921E-6
4.40000E+1	3.29944E-6	3.39176E-6	3.46499E-6
4.30000E+1	3.07546E-6	3.16335E-6	3.24321E-6
4.20000E+1	2.86859E-6	2.94962E-6	3.02703E-6
4.10000E+1	2.66812E-6	2.74333E-6	2.81597E-6
4.00000E+1	2.47441E-6	2.55322E-6	2.62028E-6
3.90000E+1	2.29303E-6	2.37068E-6	2.42889E-6
3.80000E+1	2.11596E-6	2.19385E-6	2.25299E-6
3.70000E+1	1.95228E-6	2.02656E-6	2.08139E-6
3.60000E+1	1.79501E-6	1.86486E-6	1.91678E-6
3.50000E+1	1.64111E-6	1.71061E-6	1.76148E-6
3.40000E+1	1.50164E-6	1.57114E-6	1.61631E-6
3.30000E+1	1.37137E-6	1.43808E-6	1.47871E-6
3.20000E+1	1.24658E-6	1.30781E-6	1.34925E-6
3.10000E+1	1.13377E-6	1.19116E-6	1.22620E-6
3.00000E+1	1.02201E-6	1.07952E-6	1.11118E-6
2.90000E+1	9.20845E-7	9.73931E-7	1.00606E-6
2.80000E+1	8.27480E-7	8.74745E-7	9.05362E-7
2.70000E+1	7.40401E-7	7.79866E-7	8.12230E-7
2.60000E+1	6.58911E-7	6.99074E-7	7.23172E-7
2.50000E+1	5.87199E-7	6.22123E-7	6.44941E-7
2.40000E+1	5.18514E-7	5.51925E-7	5.70784E-7
2.30000E+1	4.56465E-7	4.87780E-7	5.03263E-7
2.20000E+1	4.01633E-7	4.28990E-7	4.42029E-7
2.10000E+1	3.49362E-7	3.74042E-7	3.85917E-7
2.00000E+1	3.04310E-7	3.25963E-7	3.35625E-7
1.90000E+1	2.63681E-7	2.82540E-7	2.91504E-7
1.80000E+1	2.26894E-7	2.43192E-7	2.50176E-7
1.70000E+1	1.94064E-7	2.08616E-7	2.14321E-7
1.60000E+1	1.66008E-7	1.77999E-7	1.81841E-7
1.50000E+1	1.39466E-7	1.49943E-7	1.54017E-7
1.40000E+1	1.17812E-7	1.26893E-7	1.28639E-7
1.30000E+1	9.82545E-8	1.06404E-7	1.07218E-7
1.20000E+1	8.18400E-8	8.91741E-8	8.82428E-8
1.10000E+1	6.81030E-8	7.46222E-8	7.25268E-8
1.00000E+1	5.70435E-8	5.97211E-8	5.79748E-8
9.00000E+0	4.65661E-8	4.91273E-8	4.61005E-8
8.00000E+0	3.56231E-8	3.84171E-8	3.52738E-8
7.00000E+0	2.66591E-8	3.06172E-8	2.67755E-8
6.00000E+0	2.07219E-8	2.28174E-8	1.87429E-8
5.00000E+0	1.44355E-8	1.58325E-8	1.16415E-8
4.00000E+0	9.42964E-9	1.15251E-8	6.28643E-9
3.00000E+0	7.33416E-9	8.49832E-9	1.97906E-9
2.00000E+0	6.28643E-9	8.49832E-9	2.56114E-9
1.00000E+0	8.14907E-9	8.26549E-9	2.56114E-9
0.00000E+0	6.17001E-9	7.33416E-9	1.62981E-9
-1.00000E+0	7.45058E-9	8.26549E-9	2.32831E-9
-2.00000E+0	6.17001E-9	8.03266E-9	1.97906E-9
-3.00000E+0	5.58794E-9	7.56700E-9	1.74623E-9
-4.00000E+0	5.70435E-9	7.56700E-9	2.44472E-9
-5.00000E+0	6.17001E-9	7.79983E-9	2.21189E-9
-6.00000E+0	7.33416E-9	8.14907E-9	2.21189E-9
-7.00000E+0	6.17001E-9	8.26549E-9	2.79397E-9
-8.00000E+0	7.21775E-9	7.21775E-9	2.32831E-9
-9.00000E+0	7.10134E-9	7.68341E-9	2.32831E-9
-1.00000E+1	5.70435E-9	7.56700E-9	3.02680E-9
-1.10000E+1	6.75209E-9	7.33416E-9	1.97906E-9
-1.20000E+1	5.58794E-9	7.68341E-9	2.67755E-9
-1.30000E+1	6.28643E-9	7.56700E-9	1.62981E-9
-1.40000E+1	7.10134E-9	8.26549E-9	2.91038E-9
-1.50000E+1	6.98492E-9	8.14907E-9	3.02680E-9
-1.60000E+1	6.40284E-9	8.26549E-9	2.21189E-9
-1.70000E+1	7.33416E-9	8.73115E-9	3.72529E-9
-1.80000E+1	8.73115E-9	7.91624E-9	3.02680E-9
-1.90000E+1	7.79983E-9	7.91624E-9	3.72529E-9
-2.00000E+1	7.33416E-9	8.26549E-9	3.72529E-9
-2.10000E+1	7.91624E-9	8.96398E-9	3.25963E-9
-2.20000E+1	8.03266E-9	9.31323E-9	4.19095E-9
-2.30000E+1	7.68341E-9	9.08040E-9	3.72529E-9
-2.40000E+1	9.54606E-9	9.66247E-9	5.00586E-9
-2.50000E+1	8.49832E-9	1.09430E-8	5.00586E-9
