*&	2/16/2018	2:24 PM
User = Nils
Sample = 
Notes = 

236 Current Range = Autorange
NPLC = 0.00000E+0
Compliance = 0.00000E+0 A 
Sweep Type = Linear

Pulse Mode Off
Delay = 0.00000E+0 S 

Electrometer Current Range = Autorange
NPLC = 0.00000E+0
Vp = -7.81877E+0 V 
On/Off Ratio = 1.09427E+4
Mobility& = 1.06358E-2 cm^2/Vs 
Saturation Regime 
Transistor G4
T = -200.000000 C

Gate Leakage	-5.64614E-9	-2.89583E-9	-3.79805E-9
Drain Voltage	58.00000	59.00000	60.00000

Gate Voltage	Drain Current	Drain Current	Drain Current
-2.50000E+1	1.83936E-8	2.17697E-8	1.39698E-9
-2.40000E+1	1.30385E-8	1.66474E-8	1.17580E-8
-2.30000E+1	1.16415E-8	1.44355E-8	1.16415E-8
-2.20000E+1	1.10595E-8	1.38534E-8	9.66247E-9
-2.10000E+1	1.05938E-8	1.12923E-8	8.26549E-9
-2.00000E+1	9.54606E-9	1.15251E-8	8.14907E-9
-1.90000E+1	8.61473E-9	1.15251E-8	6.75209E-9
-1.80000E+1	8.96398E-9	8.96398E-9	6.28643E-9
-1.70000E+1	8.49832E-9	8.61473E-9	6.28643E-9
-1.60000E+1	9.08040E-9	9.08040E-9	5.58794E-9
-1.50000E+1	7.91624E-9	8.96398E-9	5.35510E-9
-1.40000E+1	6.98492E-9	9.08040E-9	4.88944E-9
-1.30000E+1	7.33416E-9	8.61473E-9	4.07454E-9
-1.20000E+1	6.98492E-9	8.73115E-9	4.77303E-9
-1.10000E+1	6.98492E-9	8.61473E-9	4.30737E-9
-1.00000E+1	7.10134E-9	9.77889E-9	4.30737E-9
-9.00000E+0	6.98492E-9	8.61473E-9	3.95812E-9
-8.00000E+0	6.98492E-9	7.56700E-9	3.37604E-9
-7.00000E+0	6.63567E-9	7.68341E-9	3.37604E-9
-6.00000E+0	5.70435E-9	7.68341E-9	3.02680E-9
-5.00000E+0	6.63567E-9	6.63567E-9	3.14321E-9
-4.00000E+0	6.05360E-9	7.10134E-9	3.25963E-9
-3.00000E+0	5.58794E-9	6.28643E-9	2.91038E-9
-2.00000E+0	6.75209E-9	6.75209E-9	2.32831E-9
-1.00000E+0	6.28643E-9	6.98492E-9	2.67755E-9
0.00000E+0	6.28643E-9	6.75209E-9	2.67755E-9
1.00000E+0	5.47152E-9	6.86850E-9	2.32831E-9
2.00000E+0	6.17001E-9	6.63567E-9	2.21189E-9
3.00000E+0	5.35510E-9	6.05360E-9	1.97906E-9
4.00000E+0	6.28643E-9	8.14907E-9	2.56114E-9
5.00000E+0	8.26549E-9	9.08040E-9	4.19095E-9
6.00000E+0	1.04774E-8	1.16415E-8	6.98492E-9
7.00000E+0	1.36206E-8	1.61817E-8	1.15251E-8
8.00000E+0	1.86264E-8	2.25846E-8	1.71131E-8
9.00000E+0	2.22353E-8	2.92202E-8	2.65427E-8
1.00000E+1	3.01516E-8	3.94648E-8	3.80678E-8
1.10000E+1	4.05125E-8	5.28526E-8	5.43660E-8
1.20000E+1	5.64614E-8	7.24103E-8	7.41566E-8
1.30000E+1	7.32252E-8	9.54606E-8	9.96515E-8
1.40000E+1	9.65083E-8	1.26078E-7	1.32015E-7
1.50000E+1	1.28173E-7	1.61002E-7	1.70898E-7
1.60000E+1	1.64029E-7	2.05590E-7	2.18046E-7
1.70000E+1	2.09315E-7	2.57394E-7	2.72528E-7
1.80000E+1	2.61702E-7	3.18279E-7	3.35276E-7
1.90000E+1	3.21423E-7	3.88594E-7	4.10364E-7
2.00000E+1	3.93717E-7	4.66825E-7	4.89992E-7
2.10000E+1	4.72763E-7	5.54719E-7	5.82077E-7
2.20000E+1	5.62635E-7	6.50994E-7	6.85221E-7
2.30000E+1	6.62636E-7	7.53906E-7	7.93370E-7
2.40000E+1	7.73114E-7	8.76025E-7	9.16654E-7
2.50000E+1	8.92556E-7	1.00548E-6	1.04424E-6
2.60000E+1	1.02492E-6	1.14425E-6	1.18418E-6
2.70000E+1	1.16951E-6	1.29396E-6	1.33447E-6
2.80000E+1	1.32527E-6	1.45636E-6	1.49501E-6
2.90000E+1	1.48919E-6	1.62236E-6	1.66881E-6
3.00000E+1	1.66311E-6	1.80688E-6	1.85461E-6
3.10000E+1	1.85019E-6	1.99641E-6	2.04961E-6
3.20000E+1	2.04763E-6	2.19862E-6	2.25345E-6
3.30000E+1	2.25962E-6	2.41445E-6	2.47301E-6
3.40000E+1	2.48279E-6	2.63797E-6	2.70142E-6
3.50000E+1	2.71213E-6	2.87488E-6	2.93809E-6
3.60000E+1	2.96126E-6	3.12424E-6	3.19246E-6
3.70000E+1	3.21551E-6	3.38501E-6	3.45556E-6
3.80000E+1	3.48210E-6	3.65451E-6	3.72657E-6
3.90000E+1	3.76301E-6	3.93693E-6	4.00783E-6
4.00000E+1	4.05719E-6	4.22739E-6	4.30166E-6
4.10000E+1	4.35929E-6	4.53473E-6	4.60993E-6
4.20000E+1	4.66756E-6	4.84951E-6	4.93275E-6
4.30000E+1	4.99329E-6	5.18491E-6	5.27035E-6
4.40000E+1	5.33334E-6	5.52717E-6	5.60971E-6
4.50000E+1	5.68735E-6	5.88119E-6	5.96070E-6
4.60000E+1	6.04673E-6	6.23846E-6	6.33346E-6
4.70000E+1	6.42054E-6	6.62322E-6	6.71460E-6
4.80000E+1	6.80867E-6	7.01088E-6	7.10564E-6
4.90000E+1	7.20564E-6	7.40727E-6	7.51461E-6
5.00000E+1	7.60378E-6	7.82101E-6	7.92718E-6
5.10000E+1	8.03033E-6	8.24640E-6	8.35455E-6
5.20000E+1	8.46188E-6	8.67923E-6	8.79134E-6
5.30000E+1	8.91509E-6	9.12964E-6	9.23756E-6
5.40000E+1	9.37015E-6	9.59379E-6	9.70217E-6
5.50000E+1	9.84082E-6	1.00578E-5	1.01893E-5
5.60000E+1	1.03200E-5	1.05454E-5	1.06740E-5
5.70000E+1	1.08133E-5	1.10392E-5	1.11713E-5
5.80000E+1	1.13155E-5	1.15456E-5	1.16786E-5
5.90000E+1	1.18298E-5	1.20727E-5	1.21953E-5
6.00000E+1	1.23659E-5	1.26094E-5	1.27390E-5
5.90000E+1	1.18599E-5	1.20924E-5	1.22265E-5
5.80000E+1	1.13754E-5	1.15933E-5	1.17269E-5
5.70000E+1	1.09047E-5	1.11037E-5	1.12354E-5
5.60000E+1	1.04337E-5	1.06350E-5	1.07527E-5
5.50000E+1	9.96573E-6	1.01540E-5	1.02788E-5
5.40000E+1	9.51858E-6	9.70054E-6	9.81893E-6
5.30000E+1	9.07551E-6	9.25851E-6	9.36864E-6
5.20000E+1	8.65629E-6	8.82056E-6	8.92440E-6
5.10000E+1	8.22952E-6	8.39296E-6	8.49448E-6
5.00000E+1	7.81880E-6	7.97969E-6	8.07946E-6
4.90000E+1	7.42730E-6	7.58318E-6	7.66711E-6
4.80000E+1	7.03381E-6	7.18702E-6	7.26618E-6
4.70000E+1	6.65290E-6	6.79947E-6	6.87724E-6
4.60000E+1	6.28584E-6	6.42776E-6	6.50669E-6
4.50000E+1	5.93474E-6	6.05942E-6	6.14254E-6
4.40000E+1	5.59725E-6	5.71250E-6	5.78840E-6
4.30000E+1	5.26174E-6	5.37513E-6	5.45150E-6
4.20000E+1	4.93391E-6	5.04963E-6	5.11459E-6
4.10000E+1	4.62565E-6	4.73473E-6	4.79771E-6
4.00000E+1	4.31761E-6	4.43193E-6	4.49712E-6
3.90000E+1	4.03088E-6	4.14136E-6	4.19794E-6
3.80000E+1	3.75649E-6	3.85416E-6	3.91435E-6
3.70000E+1	3.49001E-6	3.58943E-6	3.63530E-6
3.60000E+1	3.23833E-6	3.32412E-6	3.37546E-6
3.50000E+1	2.98617E-6	3.07511E-6	3.12191E-6
3.40000E+1	2.75462E-6	2.83611E-6	2.88582E-6
3.30000E+1	2.53203E-6	2.61213E-6	2.65520E-6
3.20000E+1	2.32353E-6	2.39455E-6	2.43739E-6
3.10000E+1	2.11992E-6	2.18814E-6	2.22609E-6
3.00000E+1	1.92435E-6	1.99280E-6	2.02889E-6
2.90000E+1	1.74681E-6	1.80840E-6	1.84006E-6
2.80000E+1	1.56939E-6	1.63284E-6	1.66509E-6
2.70000E+1	1.41107E-6	1.46858E-6	1.49931E-6
2.60000E+1	1.26078E-6	1.31328E-6	1.34343E-6
2.50000E+1	1.11933E-6	1.16846E-6	1.19698E-6
2.40000E+1	9.89530E-7	1.03633E-6	1.06148E-6
2.30000E+1	8.65664E-7	9.10601E-7	9.35164E-7
2.20000E+1	7.49482E-7	7.95000E-7	8.14907E-7
2.10000E+1	6.50180E-7	6.88713E-7	7.08271E-7
2.00000E+1	5.56931E-7	5.92903E-7	6.09201E-7
1.90000E+1	4.71715E-7	5.06523E-7	5.19794E-7
1.80000E+1	3.97558E-7	4.27011E-7	4.37256E-7
1.70000E+1	3.28757E-7	3.56231E-7	3.64729E-7
1.60000E+1	2.68919E-7	2.92202E-7	3.00468E-7
1.50000E+1	2.16300E-7	2.37487E-7	2.42959E-7
1.40000E+1	1.72295E-7	1.91387E-7	1.93133E-7
1.30000E+1	1.33878E-7	1.49128E-7	1.51456E-7
1.20000E+1	1.01980E-7	1.14669E-7	1.14669E-7
1.10000E+1	7.70669E-8	8.64966E-8	8.52160E-8
1.00000E+1	5.58794E-8	6.43777E-8	6.11180E-8
9.00000E+0	3.96976E-8	4.63333E-8	4.29573E-8
8.00000E+0	2.89874E-8	3.23635E-8	2.85218E-8
7.00000E+0	1.93249E-8	2.35159E-8	1.74623E-8
6.00000E+0	1.42027E-8	1.61817E-8	1.00117E-8
5.00000E+0	1.01281E-8	1.07102E-8	5.35510E-9
4.00000E+0	7.10134E-9	9.31323E-9	2.44472E-9
3.00000E+0	7.21775E-9	7.91624E-9	1.97906E-9
2.00000E+0	6.75209E-9	7.68341E-9	1.74623E-9
1.00000E+0	6.28643E-9	8.26549E-9	1.16415E-9
0.00000E+0	6.28643E-9	7.79983E-9	1.51340E-9
-1.00000E+0	5.93718E-9	8.14907E-9	1.74623E-9
-2.00000E+0	6.51926E-9	7.56700E-9	1.97906E-9
-3.00000E+0	5.93718E-9	7.91624E-9	2.44472E-9
-4.00000E+0	5.35510E-9	8.26549E-9	1.16415E-9
-5.00000E+0	6.51926E-9	7.91624E-9	2.21189E-9
-6.00000E+0	5.35510E-9	9.66247E-9	2.56114E-9
-7.00000E+0	6.17001E-9	8.26549E-9	3.14321E-9
-8.00000E+0	6.28643E-9	8.26549E-9	3.49246E-9
-9.00000E+0	6.86850E-9	7.68341E-9	3.25963E-9
-1.00000E+1	7.21775E-9	8.96398E-9	3.14321E-9
-1.10000E+1	5.70435E-9	9.54606E-9	4.19095E-9
-1.20000E+1	6.40284E-9	8.61473E-9	3.84171E-9
-1.30000E+1	6.51926E-9	8.96398E-9	4.30737E-9
-1.40000E+1	7.21775E-9	8.49832E-9	4.30737E-9
-1.50000E+1	6.75209E-9	9.31323E-9	5.00586E-9
-1.60000E+1	7.33416E-9	8.96398E-9	5.35510E-9
-1.70000E+1	7.68341E-9	9.31323E-9	5.12227E-9
-1.80000E+1	7.68341E-9	1.09430E-8	6.51926E-9
-1.90000E+1	8.73115E-9	1.19908E-8	6.51926E-9
-2.00000E+1	9.54606E-9	1.15251E-8	6.98492E-9
-2.10000E+1	8.73115E-9	1.07102E-8	8.14907E-9
-2.20000E+1	1.10595E-8	1.22236E-8	9.19681E-9
-2.30000E+1	9.77889E-9	1.36206E-8	9.54606E-9
-2.40000E+1	1.07102E-8	1.36206E-8	1.08266E-8
-2.50000E+1	1.21072E-8	1.45519E-8	1.18744E-8
