*&	2/16/2018	2:02 PM
User = Nils
Sample = 
Notes = 

236 Current Range = Autorange
NPLC = 0.00000E+0
Compliance = 0.00000E+0 A 
Sweep Type = Linear

Pulse Mode Off
Delay = 0.00000E+0 S 

Electrometer Current Range = Autorange
NPLC = 0.00000E+0
Vp = 1.69960E+5 V 
On/Off Ratio = 1.00515E+0
Mobility& = 2.36359E-8 cm^2/Vs 
Saturation Regime 
Transistor A2
T = -200.000000 C

Gate Leakage	-1.05003E-4	-1.05003E-4	-1.05003E-4
Drain Voltage	58.00000	59.00000	60.00000

Gate Voltage	Drain Current	Drain Current	Drain Current
-2.50000E+1	1.15627E-4	1.16780E-4	1.17535E-4
-2.40000E+1	1.15721E-4	1.16845E-4	1.17583E-4
-2.30000E+1	1.15779E-4	1.16869E-4	1.17605E-4
-2.20000E+1	1.15834E-4	1.16887E-4	1.17613E-4
-2.10000E+1	1.15872E-4	1.16907E-4	1.17634E-4
-2.00000E+1	1.15903E-4	1.16919E-4	1.17644E-4
-1.90000E+1	1.15933E-4	1.16933E-4	1.17660E-4
-1.80000E+1	1.15952E-4	1.16952E-4	1.17668E-4
-1.70000E+1	1.15973E-4	1.16970E-4	1.17678E-4
-1.60000E+1	1.15995E-4	1.16983E-4	1.17690E-4
-1.50000E+1	1.16006E-4	1.16997E-4	1.17700E-4
-1.40000E+1	1.16032E-4	1.17009E-4	1.17709E-4
-1.30000E+1	1.16045E-4	1.17019E-4	1.17721E-4
-1.20000E+1	1.16062E-4	1.17037E-4	1.17732E-4
-1.10000E+1	1.16073E-4	1.17041E-4	1.17729E-4
-1.00000E+1	1.16091E-4	1.17050E-4	1.17745E-4
-9.00000E+0	1.16108E-4	1.17052E-4	1.17747E-4
-8.00000E+0	1.16121E-4	1.17066E-4	1.17758E-4
-7.00000E+0	1.16131E-4	1.17071E-4	1.17767E-4
-6.00000E+0	1.16143E-4	1.17082E-4	1.17777E-4
-5.00000E+0	1.16146E-4	1.17094E-4	1.17783E-4
-4.00000E+0	1.16161E-4	1.17096E-4	1.17789E-4
-3.00000E+0	1.16175E-4	1.17112E-4	1.17799E-4
-2.00000E+0	1.16193E-4	1.17108E-4	1.17802E-4
-1.00000E+0	1.16204E-4	1.17117E-4	1.17805E-4
0.00000E+0	1.16212E-4	1.17126E-4	1.17815E-4
1.00000E+0	1.16232E-4	1.17140E-4	1.17827E-4
2.00000E+0	1.16244E-4	1.17142E-4	1.17837E-4
3.00000E+0	1.16245E-4	1.17151E-4	1.17849E-4
4.00000E+0	1.16253E-4	1.17152E-4	1.17851E-4
5.00000E+0	1.16262E-4	1.17165E-4	1.17859E-4
6.00000E+0	1.16278E-4	1.17167E-4	1.17858E-4
7.00000E+0	1.16288E-4	1.17179E-4	1.17861E-4
8.00000E+0	1.16300E-4	1.17185E-4	1.17860E-4
9.00000E+0	1.16301E-4	1.17183E-4	1.17874E-4
1.00000E+1	1.16310E-4	1.17188E-4	1.17878E-4
1.10000E+1	1.16325E-4	1.17194E-4	1.17881E-4
1.20000E+1	1.16334E-4	1.17197E-4	1.17883E-4
1.30000E+1	1.16341E-4	1.17208E-4	1.17888E-4
1.40000E+1	1.16350E-4	1.17215E-4	1.17895E-4
1.50000E+1	1.16347E-4	1.17222E-4	1.17902E-4
1.60000E+1	1.16355E-4	1.17228E-4	1.17912E-4
1.70000E+1	1.16354E-4	1.17227E-4	1.17904E-4
1.80000E+1	1.16368E-4	1.17235E-4	1.17912E-4
1.90000E+1	1.16364E-4	1.17229E-4	1.17909E-4
2.00000E+1	1.16384E-4	1.17235E-4	1.17915E-4
2.10000E+1	1.16384E-4	1.17249E-4	1.17921E-4
2.20000E+1	1.16389E-4	1.17246E-4	1.17923E-4
2.30000E+1	1.16404E-4	1.17256E-4	1.17923E-4
2.40000E+1	1.16407E-4	1.17260E-4	1.17935E-4
2.50000E+1	1.16402E-4	1.17254E-4	1.17933E-4
2.60000E+1	1.16423E-4	1.17256E-4	1.17937E-4
2.70000E+1	1.16418E-4	1.17258E-4	1.17939E-4
2.80000E+1	1.16423E-4	1.17262E-4	1.17949E-4
2.90000E+1	1.16435E-4	1.17273E-4	1.17952E-4
3.00000E+1	1.16439E-4	1.17278E-4	1.17951E-4
3.10000E+1	1.16445E-4	1.17278E-4	1.17957E-4
3.20000E+1	1.16449E-4	1.17284E-4	1.17962E-4
3.30000E+1	1.16451E-4	1.17284E-4	1.17967E-4
3.40000E+1	1.16451E-4	1.17290E-4	1.17976E-4
3.50000E+1	1.16457E-4	1.17289E-4	1.17982E-4
3.60000E+1	1.16463E-4	1.17294E-4	1.17983E-4
3.70000E+1	1.16471E-4	1.17294E-4	1.17978E-4
3.80000E+1	1.16473E-4	1.17295E-4	1.17987E-4
3.90000E+1	1.16480E-4	1.17298E-4	1.17989E-4
4.00000E+1	1.16487E-4	1.17305E-4	1.17987E-4
4.10000E+1	1.16485E-4	1.17314E-4	1.17986E-4
4.20000E+1	1.16503E-4	1.17318E-4	1.17989E-4
4.30000E+1	1.16506E-4	1.17323E-4	1.17988E-4
4.40000E+1	1.16505E-4	1.17325E-4	1.17997E-4
4.50000E+1	1.16514E-4	1.17327E-4	1.18000E-4
4.60000E+1	1.16511E-4	1.17330E-4	1.18000E-4
4.70000E+1	1.16516E-4	1.17326E-4	1.18005E-4
4.80000E+1	1.16534E-4	1.17336E-4	1.18004E-4
4.90000E+1	1.16531E-4	1.17336E-4	1.18002E-4
5.00000E+1	1.16546E-4	1.17344E-4	1.18000E-4
5.10000E+1	1.16553E-4	1.17352E-4	1.18012E-4
5.20000E+1	1.16541E-4	1.17359E-4	1.18014E-4
5.30000E+1	1.16544E-4	1.17346E-4	1.18016E-4
5.40000E+1	1.16558E-4	1.17358E-4	1.18015E-4
5.50000E+1	1.16565E-4	1.17361E-4	1.18015E-4
5.60000E+1	1.16562E-4	1.17359E-4	1.18014E-4
5.70000E+1	1.16564E-4	1.17361E-4	1.18016E-4
5.80000E+1	1.16570E-4	1.17362E-4	1.18017E-4
5.90000E+1	-9.34167E-5	1.17360E-4	1.18023E-4
6.00000E+1	-9.34137E-5	-9.26196E-5	1.18023E-4
5.90000E+1	-9.34090E-5	1.17368E-4	1.18030E-4
5.80000E+1	1.16580E-4	1.17369E-4	1.18033E-4
5.70000E+1	1.16581E-4	1.17373E-4	1.18037E-4
5.60000E+1	1.16586E-4	1.17372E-4	1.18038E-4
5.50000E+1	1.16578E-4	1.17374E-4	1.18045E-4
5.40000E+1	1.16587E-4	1.17381E-4	1.18043E-4
5.30000E+1	1.16587E-4	1.17379E-4	1.18050E-4
5.20000E+1	1.16591E-4	1.17387E-4	1.18051E-4
5.10000E+1	1.16596E-4	1.17387E-4	1.18047E-4
5.00000E+1	1.16599E-4	1.17393E-4	1.18046E-4
4.90000E+1	1.16609E-4	1.17389E-4	1.18049E-4
4.80000E+1	1.16612E-4	1.17394E-4	1.18046E-4
4.70000E+1	1.16608E-4	1.17391E-4	1.18054E-4
4.60000E+1	1.16611E-4	1.17390E-4	1.18056E-4
4.50000E+1	1.16619E-4	1.17400E-4	1.18055E-4
4.40000E+1	1.16622E-4	1.17401E-4	1.18060E-4
4.30000E+1	1.16621E-4	1.17401E-4	1.18066E-4
4.20000E+1	1.16623E-4	1.17406E-4	1.18062E-4
4.10000E+1	1.16627E-4	1.17406E-4	1.18066E-4
4.00000E+1	1.16635E-4	1.17407E-4	1.18066E-4
3.90000E+1	1.16631E-4	1.17409E-4	1.18067E-4
3.80000E+1	1.16632E-4	1.17410E-4	1.18068E-4
3.70000E+1	1.16637E-4	1.17410E-4	1.18073E-4
3.60000E+1	1.16649E-4	1.17416E-4	1.18073E-4
3.50000E+1	1.16650E-4	1.17416E-4	1.18073E-4
3.40000E+1	1.16652E-4	1.17418E-4	1.18079E-4
3.30000E+1	1.16667E-4	1.17416E-4	1.18075E-4
3.20000E+1	1.16663E-4	1.17421E-4	1.18079E-4
3.10000E+1	1.16670E-4	1.17412E-4	1.18085E-4
3.00000E+1	1.16667E-4	1.17418E-4	1.18088E-4
2.90000E+1	1.16669E-4	1.17422E-4	1.18079E-4
2.80000E+1	1.16670E-4	1.17426E-4	1.18086E-4
2.70000E+1	1.16667E-4	1.17428E-4	1.18092E-4
2.60000E+1	1.16677E-4	1.17429E-4	1.18084E-4
2.50000E+1	1.16682E-4	1.17437E-4	1.18084E-4
2.40000E+1	1.16686E-4	1.17439E-4	1.18085E-4
2.30000E+1	1.16685E-4	1.17433E-4	1.18088E-4
2.20000E+1	1.16690E-4	1.17436E-4	1.18090E-4
2.10000E+1	1.16693E-4	1.17438E-4	1.18095E-4
2.00000E+1	1.16695E-4	1.17441E-4	1.18095E-4
1.90000E+1	1.16699E-4	1.17440E-4	1.18099E-4
1.80000E+1	1.16698E-4	1.17446E-4	1.18101E-4
1.70000E+1	1.16703E-4	1.17446E-4	1.18101E-4
1.60000E+1	1.16702E-4	1.17442E-4	1.18102E-4
1.50000E+1	1.16694E-4	1.17448E-4	1.18103E-4
1.40000E+1	1.16701E-4	1.17453E-4	1.18097E-4
1.30000E+1	1.16702E-4	1.17451E-4	1.18104E-4
1.20000E+1	1.16708E-4	1.17460E-4	1.18104E-4
1.10000E+1	1.16702E-4	1.17454E-4	1.18104E-4
1.00000E+1	1.16711E-4	1.17453E-4	1.18106E-4
9.00000E+0	1.16709E-4	1.17456E-4	1.18106E-4
8.00000E+0	1.16715E-4	1.17460E-4	1.18109E-4
7.00000E+0	1.16723E-4	1.17467E-4	1.18111E-4
6.00000E+0	1.16723E-4	1.17466E-4	1.18114E-4
5.00000E+0	1.16723E-4	1.17473E-4	1.18114E-4
4.00000E+0	1.16724E-4	1.17465E-4	1.18116E-4
3.00000E+0	1.16731E-4	1.17467E-4	1.18121E-4
2.00000E+0	1.16724E-4	1.17469E-4	1.18119E-4
1.00000E+0	1.16728E-4	1.17464E-4	1.18120E-4
0.00000E+0	1.16738E-4	1.17469E-4	1.18121E-4
-1.00000E+0	1.16721E-4	1.17456E-4	1.18120E-4
-2.00000E+0	1.16729E-4	1.17456E-4	1.18126E-4
-3.00000E+0	1.16734E-4	1.17461E-4	1.18117E-4
-4.00000E+0	1.16733E-4	1.17460E-4	1.18121E-4
-5.00000E+0	1.16730E-4	1.17463E-4	1.18119E-4
-6.00000E+0	1.16736E-4	1.17461E-4	1.18121E-4
-7.00000E+0	1.16740E-4	1.17466E-4	1.18122E-4
-8.00000E+0	1.16746E-4	1.17473E-4	1.18122E-4
-9.00000E+0	1.16743E-4	1.17475E-4	1.18120E-4
-1.00000E+1	1.16746E-4	1.17477E-4	1.18125E-4
-1.10000E+1	1.16750E-4	1.17481E-4	1.18126E-4
-1.20000E+1	1.16750E-4	1.17482E-4	1.18123E-4
-1.30000E+1	1.16749E-4	1.17478E-4	1.18124E-4
-1.40000E+1	1.16756E-4	1.17483E-4	1.18124E-4
-1.50000E+1	1.16753E-4	1.17485E-4	1.18130E-4
-1.60000E+1	1.16756E-4	1.17482E-4	1.18132E-4
-1.70000E+1	1.16760E-4	1.17487E-4	1.18136E-4
-1.80000E+1	1.16758E-4	1.17485E-4	1.18134E-4
-1.90000E+1	1.16761E-4	1.17488E-4	1.18137E-4
-2.00000E+1	1.16766E-4	1.17495E-4	1.18134E-4
-2.10000E+1	1.16766E-4	1.17489E-4	1.18139E-4
-2.20000E+1	1.16761E-4	1.17492E-4	1.18136E-4
-2.30000E+1	1.16766E-4	1.17492E-4	1.18135E-4
-2.40000E+1	1.16771E-4	1.17496E-4	1.18139E-4
-2.50000E+1	1.16776E-4	1.17499E-4	1.18136E-4
