*&	2/16/2018	12:56 PM
User = Nils
Sample = 
Notes = 

236 Current Range = Autorange
NPLC = 0.00000E+0
Compliance = 0.00000E+0 A 
Sweep Type = Linear

Pulse Mode Off
Delay = 0.00000E+0 S 

Electrometer Current Range = Autorange
NPLC = 0.00000E+0
Vp = -1.06945E+1 V 
On/Off Ratio = 4.29225E+2
Mobility& = 7.51263E-2 cm^2/Vs 
Saturation Regime 
Transistor H7
T = -200.000000 C

Gate Leakage	-3.49326E-6	-3.15209E-7	-2.99158E-7
Drain Voltage	58.00000	59.00000	60.00000

Gate Voltage	Drain Current	Drain Current	Drain Current
-2.50000E+1	3.81051E-6	3.20608E-7	2.85567E-7
-2.40000E+1	5.15487E-7	3.21888E-7	2.98023E-7
-2.30000E+1	4.84986E-7	3.13274E-7	2.92086E-7
-2.20000E+1	4.61238E-7	3.12459E-7	2.87779E-7
-2.10000E+1	4.39002E-7	3.00235E-7	2.82773E-7
-2.00000E+1	4.22820E-7	2.93949E-7	2.73692E-7
-1.90000E+1	4.11761E-7	2.87779E-7	2.68104E-7
-1.80000E+1	3.89875E-7	2.79164E-7	2.60537E-7
-1.70000E+1	3.78350E-7	2.72994E-7	2.51690E-7
-1.60000E+1	3.61586E-7	2.64379E-7	2.44821E-7
-1.50000E+1	3.44356E-7	2.57161E-7	2.39932E-7
-1.40000E+1	3.36440E-7	2.49711E-7	2.33064E-7
-1.30000E+1	3.20608E-7	2.43075E-7	2.25380E-7
-1.20000E+1	3.11993E-7	2.35275E-7	2.21888E-7
-1.10000E+1	3.00701E-7	2.30037E-7	2.16649E-7
-1.00000E+1	2.88943E-7	2.25729E-7	2.09897E-7
-9.00000E+0	2.78116E-7	2.16998E-7	2.03843E-7
-8.00000E+0	2.69385E-7	2.10246E-7	1.96858E-7
-7.00000E+0	2.59024E-7	2.05240E-7	1.92784E-7
-6.00000E+0	2.52505E-7	1.99303E-7	1.86032E-7
-5.00000E+0	2.43774E-7	1.95112E-7	1.78814E-7
-4.00000E+0	2.36440E-7	1.87778E-7	1.73808E-7
-3.00000E+0	2.28407E-7	1.83471E-7	1.67522E-7
-2.00000E+0	2.20141E-7	1.77883E-7	1.63796E-7
-1.00000E+0	2.12342E-7	1.73459E-7	1.58208E-7
0.00000E+0	2.05822E-7	1.66125E-7	1.53552E-7
1.00000E+0	1.97440E-7	1.63680E-7	1.49128E-7
2.00000E+0	1.90339E-7	1.56113E-7	1.44704E-7
3.00000E+0	1.81841E-7	1.52504E-7	1.39698E-7
4.00000E+0	1.75322E-7	1.47149E-7	1.35275E-7
5.00000E+0	1.69035E-7	1.42842E-7	1.31316E-7
6.00000E+0	1.64960E-7	1.39815E-7	1.28406E-7
7.00000E+0	1.64378E-7	1.38418E-7	1.33528E-7
8.00000E+0	1.62632E-7	1.44704E-7	1.42842E-7
9.00000E+0	1.62167E-7	1.57277E-7	1.57626E-7
1.00000E+1	1.65543E-7	1.74274E-7	1.81841E-7
1.10000E+1	1.72178E-7	1.96626E-7	2.13273E-7
1.20000E+1	1.86730E-7	2.33296E-7	2.54484E-7
1.30000E+1	2.08267E-7	2.78233E-7	3.09548E-7
1.40000E+1	2.42959E-7	3.39118E-7	3.78816E-7
1.50000E+1	2.66591E-7	4.17931E-7	4.72530E-7
1.60000E+1	2.87197E-7	5.19678E-7	5.86617E-7
1.70000E+1	3.51691E-7	6.49365E-7	7.29342E-7
1.80000E+1	4.20492E-7	7.97794E-7	9.00705E-7
1.90000E+1	5.22472E-7	9.87086E-7	1.10641E-6
2.00000E+1	6.33881E-7	1.19954E-6	1.34553E-6
2.10000E+1	7.77072E-7	1.45997E-6	1.61608E-6
2.20000E+1	9.68925E-7	1.75147E-6	1.92912E-6
2.30000E+1	1.21200E-6	2.09187E-6	2.30176E-6
2.40000E+1	1.78954E-6	2.48139E-6	2.70759E-6
2.50000E+1	2.24076E-6	2.90922E-6	3.14962E-6
2.60000E+1	1.99641E-6	3.42273E-6	3.66149E-6
2.70000E+1	2.93984E-6	3.95765E-6	4.23007E-6
2.80000E+1	3.33076E-6	4.54579E-6	4.83962E-6
2.90000E+1	3.76150E-6	5.20959E-6	5.50970E-6
3.00000E+1	4.55137E-6	5.88805E-6	6.20924E-6
3.10000E+1	5.73439E-6	6.62287E-6	6.98399E-6
3.20000E+1	6.39213E-6	7.46304E-6	7.81659E-6
3.30000E+1	7.22497E-6	8.32079E-6	8.70321E-6
3.40000E+1	8.07119E-6	9.24023E-6	9.64617E-6
3.50000E+1	8.85793E-6	1.02104E-5	1.06375E-5
3.60000E+1	9.67714E-6	1.12444E-5	1.16513E-5
3.70000E+1	1.06765E-5	1.23114E-5	1.27718E-5
3.80000E+1	1.19173E-5	1.34582E-5	1.39244E-5
3.90000E+1	1.33355E-5	1.46938E-5	1.51631E-5
4.00000E+1	1.45298E-5	1.59583E-5	1.64080E-5
4.10000E+1	1.56031E-5	1.72447E-5	1.77136E-5
4.20000E+1	1.70756E-5	1.85921E-5	1.90732E-5
4.30000E+1	1.81353E-5	1.99955E-5	2.05071E-5
4.40000E+1	1.94077E-5	2.14598E-5	2.19784E-5
4.50000E+1	2.08587E-5	2.29979E-5	2.35409E-5
4.60000E+1	2.24937E-5	2.45671E-5	2.51201E-5
4.70000E+1	2.41394E-5	2.62316E-5	2.67573E-5
4.80000E+1	2.58993E-5	2.79015E-5	2.84591E-5
4.90000E+1	2.75284E-5	2.96428E-5	3.02144E-5
5.00000E+1	2.91426E-5	3.14683E-5	3.20220E-5
5.10000E+1	3.09535E-5	3.33181E-5	3.38802E-5
5.20000E+1	3.44407E-5	3.52084E-5	3.57797E-5
5.30000E+1	3.65785E-5	3.71567E-5	3.77529E-5
5.40000E+1	3.86783E-5	3.91738E-5	3.97942E-5
5.50000E+1	4.07732E-5	4.12432E-5	4.18916E-5
5.60000E+1	4.29749E-5	4.33528E-5	4.40303E-5
5.70000E+1	4.51917E-5	4.55652E-5	4.61908E-5
5.80000E+1	4.74612E-5	4.78225E-5	4.84756E-5
5.90000E+1	4.98248E-5	5.00763E-5	5.07536E-5
6.00000E+1	5.04971E-5	5.24632E-5	5.31663E-5
5.90000E+1	4.84668E-5	5.03022E-5	5.10103E-5
5.80000E+1	4.64557E-5	4.81401E-5	4.88695E-5
5.70000E+1	4.44576E-5	4.61097E-5	4.67468E-5
5.60000E+1	4.24666E-5	4.40514E-5	4.46861E-5
5.50000E+1	4.05284E-5	4.20401E-5	4.26556E-5
5.40000E+1	3.85916E-5	4.00866E-5	4.06625E-5
5.30000E+1	3.67358E-5	3.81715E-5	3.87367E-5
5.20000E+1	3.49281E-5	3.63395E-5	3.68373E-5
5.10000E+1	3.31423E-5	3.45304E-5	3.50319E-5
5.00000E+1	3.14236E-5	3.27223E-5	3.32447E-5
4.90000E+1	2.97773E-5	3.10474E-5	3.15259E-5
4.80000E+1	2.81436E-5	2.93438E-5	2.98298E-5
4.70000E+1	2.65610E-5	2.77148E-5	2.81782E-5
4.60000E+1	2.50069E-5	2.61625E-5	2.65846E-5
4.50000E+1	2.35500E-5	2.46272E-5	2.50456E-5
4.40000E+1	2.21190E-5	2.31927E-5	2.35564E-5
4.30000E+1	2.07430E-5	2.17344E-5	2.21241E-5
4.20000E+1	1.94055E-5	2.03539E-5	2.07328E-5
4.10000E+1	1.81053E-5	1.90354E-5	1.94210E-5
4.00000E+1	1.68707E-5	1.77851E-5	1.81076E-5
3.90000E+1	1.57189E-5	1.65581E-5	1.69100E-5
3.80000E+1	1.45688E-5	1.53598E-5	1.57125E-5
3.70000E+1	1.34924E-5	1.42464E-5	1.45783E-5
3.60000E+1	1.24527E-5	1.31613E-5	1.34903E-5
3.50000E+1	1.14578E-5	1.21370E-5	1.24385E-5
3.40000E+1	1.04835E-5	1.11733E-5	1.14391E-5
3.30000E+1	9.60228E-6	1.02390E-5	1.05015E-5
3.20000E+1	8.73231E-6	9.36841E-6	9.60566E-6
3.10000E+1	7.92870E-6	8.51939E-6	8.75385E-6
3.00000E+1	7.18178E-6	7.73079E-6	7.95920E-6
2.90000E+1	6.47502E-6	6.99155E-6	7.19132E-6
2.80000E+1	5.79876E-6	6.28177E-6	6.47781E-6
2.70000E+1	5.17874E-6	5.62216E-6	5.82414E-6
2.60000E+1	4.60364E-6	5.02064E-6	5.19306E-6
2.50000E+1	4.05777E-6	4.45032E-6	4.62064E-6
2.40000E+1	3.58070E-6	3.93030E-6	4.08117E-6
2.30000E+1	3.12482E-6	3.44217E-6	3.59153E-6
2.20000E+1	2.70922E-6	3.00817E-6	3.13180E-6
2.10000E+1	2.34006E-6	2.60794E-6	2.71457E-6
2.00000E+1	1.99885E-6	2.24635E-6	2.33692E-6
1.90000E+1	1.70060E-6	1.91527E-6	1.99990E-6
1.80000E+1	1.43575E-6	1.62155E-6	1.69582E-6
1.70000E+1	1.20176E-6	1.36148E-6	1.42609E-6
1.60000E+1	9.93605E-7	1.13319E-6	1.18767E-6
1.50000E+1	8.18865E-7	9.26782E-7	9.76492E-7
1.40000E+1	6.60191E-7	7.50879E-7	7.92905E-7
1.30000E+1	5.33182E-7	6.07804E-7	6.39935E-7
1.20000E+1	4.27943E-7	4.83473E-7	5.10947E-7
1.10000E+1	3.45754E-7	3.82657E-7	4.00585E-7
1.00000E+1	2.75555E-7	3.00701E-7	3.13506E-7
9.00000E+0	2.23168E-7	2.39699E-7	2.45636E-7
8.00000E+0	1.84402E-7	1.91503E-7	1.94181E-7
7.00000E+0	1.57394E-7	1.58092E-7	1.56695E-7
6.00000E+0	1.44937E-7	1.39116E-7	1.33645E-7
5.00000E+0	1.36439E-7	1.29687E-7	1.23866E-7
4.00000E+0	1.39000E-7	1.32946E-7	1.24914E-7
3.00000E+0	1.45752E-7	1.35275E-7	1.30385E-7
2.00000E+0	1.46916E-7	1.41328E-7	1.32713E-7
1.00000E+0	1.53668E-7	1.46683E-7	1.40281E-7
0.00000E+0	1.55764E-7	1.52504E-7	1.44821E-7
-1.00000E+0	1.62399E-7	1.56229E-7	1.49361E-7
-2.00000E+0	1.70199E-7	1.60420E-7	1.55531E-7
-3.00000E+0	1.76136E-7	1.69733E-7	1.61352E-7
-4.00000E+0	1.81841E-7	1.75322E-7	1.65426E-7
-5.00000E+0	1.86148E-7	1.81608E-7	1.70316E-7
-6.00000E+0	1.93133E-7	1.85217E-7	1.74856E-7
-7.00000E+0	2.00001E-7	1.91038E-7	1.84053E-7
-8.00000E+0	2.08733E-7	1.95112E-7	1.88942E-7
-9.00000E+0	2.15834E-7	2.01515E-7	1.93249E-7
-1.00000E+1	2.21422E-7	2.06172E-7	2.02563E-7
-1.10000E+1	2.28523E-7	2.13855E-7	2.09664E-7
-1.20000E+1	2.36323E-7	2.20956E-7	2.13739E-7
-1.30000E+1	2.41096E-7	2.27941E-7	2.20607E-7
-1.40000E+1	2.50060E-7	2.33529E-7	2.27126E-7
-1.50000E+1	2.58209E-7	2.39699E-7	2.33995E-7
-1.60000E+1	2.63448E-7	2.47732E-7	2.43657E-7
-1.70000E+1	2.70200E-7	2.54484E-7	2.49594E-7
-1.80000E+1	2.79630E-7	2.63797E-7	2.58093E-7
-1.90000E+1	2.88128E-7	2.67522E-7	2.67522E-7
-2.00000E+1	2.94880E-7	2.76254E-7	2.76137E-7
-2.10000E+1	3.02680E-7	2.84170E-7	2.81259E-7
-2.20000E+1	3.06638E-7	2.92785E-7	2.89059E-7
-2.30000E+1	3.18862E-7	3.07802E-7	2.96510E-7
-2.40000E+1	3.27942E-7	3.16068E-7	3.09316E-7
-2.50000E+1	3.44124E-7	3.23169E-7	3.19444E-7
