*&	2/16/2018	2:04 PM
User = Nils
Sample = 
Notes = 

236 Current Range = Autorange
NPLC = 0.00000E+0
Compliance = 0.00000E+0 A 
Sweep Type = Linear

Pulse Mode Off
Delay = 0.00000E+0 S 

Electrometer Current Range = Autorange
NPLC = 0.00000E+0
Vp = -7.96786E+0 V 
On/Off Ratio = 4.88856E+3
Mobility& = 1.15334E-2 cm^2/Vs 
Saturation Regime 
Transistor A4
T = -200.000000 C

Gate Leakage	-2.57060E-7	-9.63337E-9	-1.06083E-8
Drain Voltage	58.00000	59.00000	60.00000

Gate Voltage	Drain Current	Drain Current	Drain Current
-2.50000E+1	2.87546E-8	2.74740E-8	7.68341E-9
-2.40000E+1	2.47965E-8	2.45636E-8	2.03727E-8
-2.30000E+1	2.25846E-8	2.39816E-8	2.02563E-8
-2.20000E+1	2.02563E-8	2.08383E-8	1.66474E-8
-2.10000E+1	1.88593E-8	1.95578E-8	1.66474E-8
-2.00000E+1	1.74623E-8	1.95578E-8	1.49012E-8
-1.90000E+1	1.69966E-8	1.68802E-8	1.21072E-8
-1.80000E+1	1.55996E-8	1.67638E-8	1.12923E-8
-1.70000E+1	1.43191E-8	1.46683E-8	9.77889E-9
-1.60000E+1	1.46683E-8	1.45519E-8	9.54606E-9
-1.50000E+1	1.26893E-8	1.35042E-8	8.96398E-9
-1.40000E+1	1.24564E-8	1.37370E-8	7.56700E-9
-1.30000E+1	1.15251E-8	1.24564E-8	7.79983E-9
-1.20000E+1	1.16415E-8	1.18744E-8	7.21775E-9
-1.10000E+1	1.02446E-8	1.07102E-8	6.28643E-9
-1.00000E+1	1.03610E-8	1.07102E-8	5.58794E-9
-9.00000E+0	1.01281E-8	1.01281E-8	5.70435E-9
-8.00000E+0	1.02446E-8	1.01281E-8	4.54020E-9
-7.00000E+0	9.77889E-9	1.01281E-8	5.35510E-9
-6.00000E+0	1.01281E-8	9.54606E-9	5.00586E-9
-5.00000E+0	8.96398E-9	9.54606E-9	4.19095E-9
-4.00000E+0	8.26549E-9	1.02446E-8	4.65661E-9
-3.00000E+0	8.96398E-9	8.96398E-9	4.30737E-9
-2.00000E+0	8.96398E-9	8.96398E-9	4.30737E-9
-1.00000E+0	8.73115E-9	8.14907E-9	3.25963E-9
0.00000E+0	8.96398E-9	8.14907E-9	3.02680E-9
1.00000E+0	7.79983E-9	8.96398E-9	3.60887E-9
2.00000E+0	8.26549E-9	7.68341E-9	3.14321E-9
3.00000E+0	8.26549E-9	8.73115E-9	2.91038E-9
4.00000E+0	8.96398E-9	8.96398E-9	3.72529E-9
5.00000E+0	8.96398E-9	8.96398E-9	4.65661E-9
6.00000E+0	1.24564E-8	1.18744E-8	8.26549E-9
7.00000E+0	1.60653E-8	1.83936E-8	1.25729E-8
8.00000E+0	2.08383E-8	2.37487E-8	1.83936E-8
9.00000E+0	2.79397E-8	3.01516E-8	2.75904E-8
1.00000E+1	3.72529E-8	4.14439E-8	3.84171E-8
1.10000E+1	4.94765E-8	5.62286E-8	5.59958E-8
1.20000E+1	6.53090E-8	7.60192E-8	7.62520E-8
1.30000E+1	8.49832E-8	1.00816E-7	1.02795E-7
1.40000E+1	1.10711E-7	1.31549E-7	1.34460E-7
1.50000E+1	1.42842E-7	1.69733E-7	1.75787E-7
1.60000E+1	1.83820E-7	2.15252E-7	2.22586E-7
1.70000E+1	2.32132E-7	2.69967E-7	2.78931E-7
1.80000E+1	2.89176E-7	3.31667E-7	3.44240E-7
1.90000E+1	3.55882E-7	4.03845E-7	4.17815E-7
2.00000E+1	4.33880E-7	4.89061E-7	4.95114E-7
2.10000E+1	5.20493E-7	5.82077E-7	5.90575E-7
2.20000E+1	6.17933E-7	6.85221E-7	6.90576E-7
2.30000E+1	7.25035E-7	8.00355E-7	8.08039E-7
2.40000E+1	8.48551E-7	9.27946E-7	9.33535E-7
2.50000E+1	9.77307E-7	1.06706E-6	1.08825E-6
2.60000E+1	1.12201E-6	1.21747E-6	1.24401E-6
2.70000E+1	1.27219E-6	1.37871E-6	1.40606E-6
2.80000E+1	1.43994E-6	1.55752E-6	1.55834E-6
2.90000E+1	1.62097E-6	1.74704E-6	1.77673E-6
3.00000E+1	1.81585E-6	1.94227E-6	1.98395E-6
3.10000E+1	2.02248E-6	2.15683E-6	2.19606E-6
3.20000E+1	2.24286E-6	2.38290E-6	2.42318E-6
3.30000E+1	2.47569E-6	2.62272E-6	2.66987E-6
3.40000E+1	2.71550E-6	2.86987E-6	2.92540E-6
3.50000E+1	2.98116E-6	3.13821E-6	3.18442E-6
3.60000E+1	3.24461E-6	3.41679E-6	3.43472E-6
3.70000E+1	3.53693E-6	3.70678E-6	3.77058E-6
3.80000E+1	3.82902E-6	4.01423E-6	4.07570E-6
3.90000E+1	4.14846E-6	4.32867E-6	4.39514E-6
4.00000E+1	4.46977E-6	4.66139E-6	4.41994E-6
4.10000E+1	4.81063E-6	5.00609E-6	4.76534E-6
4.20000E+1	5.16430E-6	5.36337E-6	5.08211E-6
4.30000E+1	5.52949E-6	5.73706E-6	5.68374E-6
4.40000E+1	5.91285E-6	6.12263E-6	6.20529E-6
4.50000E+1	6.30459E-6	6.52066E-6	6.60995E-6
4.60000E+1	6.71111E-6	6.93416E-6	7.02904E-6
4.70000E+1	7.12741E-6	7.35140E-6	7.29423E-6
4.80000E+1	7.55803E-6	7.79051E-6	7.89133E-6
4.90000E+1	7.98283E-6	8.24023E-6	8.34977E-6
5.00000E+1	8.44640E-6	8.70822E-6	8.81962E-6
5.10000E+1	8.91590E-6	9.19215E-6	9.29809E-6
5.20000E+1	9.43046E-6	9.67900E-6	9.79402E-6
5.30000E+1	9.94059E-6	1.01792E-5	1.03039E-5
5.40000E+1	1.04570E-5	1.07059E-5	1.08191E-5
5.50000E+1	1.09948E-5	1.12356E-5	1.13577E-5
5.60000E+1	1.15262E-5	1.17851E-5	1.19106E-5
5.70000E+1	1.20820E-5	1.23251E-5	1.24704E-5
5.80000E+1	1.26512E-5	1.28966E-5	1.26981E-5
5.90000E+1	1.32297E-5	1.34770E-5	1.36278E-5
6.00000E+1	1.38240E-5	1.40745E-5	1.42276E-5
5.90000E+1	1.32661E-5	1.35129E-5	1.36470E-5
5.80000E+1	1.27138E-5	1.29489E-5	1.30692E-5
5.70000E+1	1.21667E-5	1.23890E-5	1.25258E-5
5.60000E+1	1.16391E-5	1.18571E-5	1.19774E-5
5.50000E+1	1.11052E-5	1.13248E-5	1.14314E-5
5.40000E+1	1.06030E-5	1.08046E-5	1.09188E-5
5.30000E+1	1.01056E-5	1.02980E-5	1.04104E-5
5.20000E+1	9.61870E-6	9.80834E-6	9.90764E-6
5.10000E+1	9.14210E-6	9.32522E-6	9.37201E-6
5.00000E+1	8.67574E-6	8.85793E-6	8.94652E-6
4.90000E+1	8.23417E-6	8.40239E-6	8.48901E-6
4.80000E+1	7.79261E-6	7.95722E-6	8.04244E-6
4.70000E+1	7.36234E-6	7.52567E-6	7.59540E-6
4.60000E+1	6.94895E-6	7.10751E-6	7.05779E-6
4.50000E+1	6.54778E-6	6.69737E-6	6.76839E-6
4.40000E+1	6.15558E-6	6.30948E-6	6.37153E-6
4.30000E+1	5.78363E-6	5.92391E-6	5.98433E-6
4.20000E+1	5.41494E-6	5.55359E-6	5.61366E-6
4.10000E+1	5.06954E-6	5.19445E-6	5.25184E-6
4.00000E+1	4.73170E-6	4.85266E-6	4.90574E-6
3.90000E+1	4.40970E-6	4.52343E-6	4.57093E-6
3.80000E+1	4.09991E-6	4.19968E-6	4.25044E-6
3.70000E+1	3.79560E-6	3.89735E-6	3.94112E-6
3.60000E+1	3.51120E-6	3.60399E-6	3.64578E-6
3.50000E+1	3.23693E-6	3.32203E-6	3.36149E-6
3.40000E+1	2.96987E-6	3.05893E-6	3.09292E-6
3.30000E+1	2.72051E-6	2.80223E-6	2.83739E-6
3.20000E+1	2.48489E-6	2.55846E-6	2.59350E-6
3.10000E+1	2.25729E-6	2.33110E-6	2.36405E-6
3.00000E+1	2.05182E-6	2.11387E-6	2.14193E-6
2.90000E+1	1.85065E-6	1.90747E-6	1.93703E-6
2.80000E+1	1.66544E-6	1.71375E-6	1.73633E-6
2.70000E+1	1.48709E-6	1.53144E-6	1.55554E-6
2.60000E+1	1.32178E-6	1.36520E-6	1.38511E-6
2.50000E+1	1.17021E-6	1.20501E-6	1.22643E-6
2.40000E+1	1.02946E-6	1.06357E-6	1.08115E-6
2.30000E+1	8.97678E-7	9.28529E-7	9.44710E-7
2.20000E+1	7.76024E-7	8.05361E-7	8.17236E-7
2.10000E+1	6.67991E-7	6.92438E-7	7.03265E-7
2.00000E+1	5.70319E-7	5.91390E-7	6.00587E-7
1.90000E+1	4.78700E-7	4.99887E-7	5.09550E-7
1.80000E+1	4.00236E-7	4.18047E-7	4.25731E-7
1.70000E+1	3.30503E-7	3.45521E-7	3.52273E-7
1.60000E+1	2.68687E-7	2.82540E-7	2.87779E-7
1.50000E+1	2.15019E-7	2.28872E-7	2.31317E-7
1.40000E+1	1.69035E-7	1.80677E-7	1.83238E-7
1.30000E+1	1.31433E-7	1.40746E-7	1.42609E-7
1.20000E+1	9.98844E-8	1.07568E-7	1.08499E-7
1.10000E+1	7.46222E-8	8.21892E-8	8.09086E-8
1.00000E+1	5.52973E-8	5.93718E-8	5.89061E-8
9.00000E+0	4.12110E-8	4.40050E-8	4.20259E-8
8.00000E+0	2.77069E-8	3.07336E-8	2.94531E-8
7.00000E+0	2.08383E-8	2.39816E-8	1.95578E-8
6.00000E+0	1.42027E-8	1.60653E-8	1.32714E-8
5.00000E+0	1.14087E-8	1.22236E-8	9.54606E-9
4.00000E+0	8.73115E-9	9.31323E-9	5.93718E-9
3.00000E+0	6.28643E-9	7.56700E-9	4.54020E-9
2.00000E+0	5.93718E-9	8.38190E-9	3.84171E-9
1.00000E+0	6.98492E-9	8.14907E-9	3.72529E-9
0.00000E+0	7.21775E-9	6.98492E-9	4.07454E-9
-1.00000E+0	7.33416E-9	7.56700E-9	4.30737E-9
-2.00000E+0	7.45058E-9	8.14907E-9	4.30737E-9
-3.00000E+0	7.33416E-9	8.14907E-9	4.65661E-9
-4.00000E+0	8.26549E-9	8.14907E-9	5.00586E-9
-5.00000E+0	7.56700E-9	8.73115E-9	4.30737E-9
-6.00000E+0	8.14907E-9	8.96398E-9	5.00586E-9
-7.00000E+0	9.31323E-9	9.31323E-9	4.30737E-9
-8.00000E+0	7.56700E-9	9.31323E-9	5.12227E-9
-9.00000E+0	8.96398E-9	1.01281E-8	6.28643E-9
-1.00000E+1	9.66247E-9	1.12923E-8	5.70435E-9
-1.10000E+1	9.54606E-9	1.00117E-8	6.40284E-9
-1.20000E+1	1.04774E-8	1.03610E-8	6.98492E-9
-1.30000E+1	9.89530E-9	1.10595E-8	6.51926E-9
-1.40000E+1	1.14087E-8	1.16415E-8	8.26549E-9
-1.50000E+1	1.15251E-8	1.36206E-8	8.73115E-9
-1.60000E+1	1.31549E-8	1.26893E-8	9.66247E-9
-1.70000E+1	1.35042E-8	1.46683E-8	1.09430E-8
-1.80000E+1	1.42027E-8	1.61817E-8	1.11759E-8
-1.90000E+1	1.54832E-8	1.60653E-8	1.22236E-8
-2.00000E+1	1.64146E-8	1.73459E-8	1.36206E-8
-2.10000E+1	1.66474E-8	1.72295E-8	1.35042E-8
-2.20000E+1	1.82772E-8	1.83936E-8	1.55996E-8
-2.30000E+1	1.82772E-8	2.04891E-8	1.68802E-8
-2.40000E+1	2.01399E-8	2.10712E-8	1.83936E-8
-2.50000E+1	2.28174E-8	2.37487E-8	2.08383E-8
