*&	2/16/2018	2:15 PM
User = Nils
Sample = 
Notes = 

236 Current Range = Autorange
NPLC = 0.00000E+0
Compliance = 0.00000E+0 A 
Sweep Type = Linear

Pulse Mode Off
Delay = 0.00000E+0 S 

Electrometer Current Range = Autorange
NPLC = 0.00000E+0
Vp = -9.26574E+0 V 
On/Off Ratio = -7.40760E+3
Mobility& = 6.91001E-3 cm^2/Vs 
Saturation Regime 
Transistor E1
T = -200.000000 C

Gate Leakage	-9.73538E-7	-1.42914E-7	-1.13738E-7
Drain Voltage	58.00000	59.00000	60.00000

Gate Voltage	Drain Current	Drain Current	Drain Current
-2.50000E+1	1.89757E-8	2.03727E-8	-5.82077E-10
-2.40000E+1	1.75787E-8	1.74623E-8	1.35042E-8
-2.30000E+1	1.61817E-8	1.54832E-8	1.32714E-8
-2.20000E+1	1.49012E-8	1.46683E-8	1.21072E-8
-2.10000E+1	1.40863E-8	1.33878E-8	1.04774E-8
-2.00000E+1	1.43191E-8	1.36206E-8	9.89530E-9
-1.90000E+1	1.22236E-8	1.22236E-8	9.66247E-9
-1.80000E+1	1.30385E-8	1.14087E-8	8.03266E-9
-1.70000E+1	1.15251E-8	1.21072E-8	8.73115E-9
-1.60000E+1	1.22236E-8	1.10595E-8	7.56700E-9
-1.50000E+1	1.09430E-8	1.01281E-8	7.33416E-9
-1.40000E+1	1.11759E-8	9.89530E-9	7.56700E-9
-1.30000E+1	1.01281E-8	9.08040E-9	5.47152E-9
-1.20000E+1	9.42964E-9	9.66247E-9	6.28643E-9
-1.10000E+1	9.31323E-9	8.26549E-9	4.77303E-9
-1.00000E+1	9.08040E-9	9.08040E-9	3.95812E-9
-9.00000E+0	8.26549E-9	9.08040E-9	4.54020E-9
-8.00000E+0	7.91624E-9	9.42964E-9	3.49246E-9
-7.00000E+0	7.56700E-9	8.49832E-9	3.95812E-9
-6.00000E+0	6.98492E-9	7.56700E-9	3.60887E-9
-5.00000E+0	6.98492E-9	8.49832E-9	3.49246E-9
-4.00000E+0	6.17001E-9	8.61473E-9	3.95812E-9
-3.00000E+0	7.33416E-9	6.51926E-9	3.14321E-9
-2.00000E+0	7.10134E-9	7.45058E-9	3.60887E-9
-1.00000E+0	6.75209E-9	6.75209E-9	3.95812E-9
0.00000E+0	8.14907E-9	8.03266E-9	2.79397E-9
1.00000E+0	8.26549E-9	6.86850E-9	1.97906E-9
2.00000E+0	6.98492E-9	6.51926E-9	2.56114E-9
3.00000E+0	7.10134E-9	6.98492E-9	2.56114E-9
4.00000E+0	7.56700E-9	8.26549E-9	4.19095E-9
5.00000E+0	1.00117E-8	9.66247E-9	6.75209E-9
6.00000E+0	1.35042E-8	1.42027E-8	9.54606E-9
7.00000E+0	1.52504E-8	1.54832E-8	1.43191E-8
8.00000E+0	1.95578E-8	2.14204E-8	1.81608E-8
9.00000E+0	2.45636E-8	2.81725E-8	2.31667E-8
1.00000E+1	3.16650E-8	3.31784E-8	3.10829E-8
1.10000E+1	3.84171E-8	4.03961E-8	3.95812E-8
1.20000E+1	4.71482E-8	4.99422E-8	4.61005E-8
1.30000E+1	5.92554E-8	6.27479E-8	6.10016E-8
1.40000E+1	7.14790E-8	7.22939E-8	7.50879E-8
1.50000E+1	8.55653E-8	8.57981E-8	9.11532E-8
1.60000E+1	1.04308E-7	1.11177E-7	1.01747E-7
1.70000E+1	1.24332E-7	1.30734E-7	1.32481E-7
1.80000E+1	1.46101E-7	1.52737E-7	1.55647E-7
1.90000E+1	1.69268E-7	1.68337E-7	1.77650E-7
2.00000E+1	1.95811E-7	2.05590E-7	2.07918E-7
2.10000E+1	2.27592E-7	2.21422E-7	2.44356E-7
2.20000E+1	2.59373E-7	2.41212E-7	2.75439E-7
2.30000E+1	2.95462E-7	2.96277E-7	3.01283E-7
2.40000E+1	3.34461E-7	3.48780E-7	3.45404E-7
2.50000E+1	3.77302E-7	3.90341E-7	3.85218E-7
2.60000E+1	4.21889E-7	4.05242E-7	4.05242E-7
2.70000E+1	4.70318E-7	4.72413E-7	4.58444E-7
2.80000E+1	5.21890E-7	5.47967E-7	5.60773E-7
2.90000E+1	5.78118E-7	6.06291E-7	6.18747E-7
3.00000E+1	6.38422E-7	6.33067E-7	6.14556E-7
3.10000E+1	7.02217E-7	7.31670E-7	7.50762E-7
3.20000E+1	7.70204E-7	8.01054E-7	8.17468E-7
3.30000E+1	8.43196E-7	8.70787E-7	8.94419E-7
3.40000E+1	9.18284E-7	9.47970E-7	9.73581E-7
3.50000E+1	9.90811E-7	1.03190E-6	1.05298E-6
3.60000E+1	1.07836E-6	1.10804E-6	1.13912E-6
3.70000E+1	1.16241E-6	1.14727E-6	1.22620E-6
3.80000E+1	1.25449E-6	1.29128E-6	1.30443E-6
3.90000E+1	1.34681E-6	1.38837E-6	1.41608E-6
4.00000E+1	1.44762E-6	1.48162E-6	1.51736E-6
4.10000E+1	1.54809E-6	1.58604E-6	1.61852E-6
4.20000E+1	1.65438E-6	1.69990E-6	1.72947E-6
4.30000E+1	1.77138E-6	1.81002E-6	1.84134E-6
4.40000E+1	1.88604E-6	1.92900E-6	1.95659E-6
4.50000E+1	2.00455E-6	2.04565E-6	2.04099E-6
4.60000E+1	2.12668E-6	2.17068E-6	2.19094E-6
4.70000E+1	2.25322E-6	2.29874E-6	2.32970E-6
4.80000E+1	2.38512E-6	2.41958E-6	2.45310E-6
4.90000E+1	2.52435E-6	2.56253E-6	2.44810E-6
5.00000E+1	2.66219E-6	2.70654E-6	2.73611E-6
5.10000E+1	2.80491E-6	2.85264E-6	2.88582E-6
5.20000E+1	2.95264E-6	2.99606E-6	3.03646E-6
5.30000E+1	3.10456E-6	3.14997E-6	3.16533E-6
5.40000E+1	3.25881E-6	3.30643E-6	3.34578E-6
5.50000E+1	3.41854E-6	3.41365E-6	3.50655E-6
5.60000E+1	3.58291E-6	3.61341E-6	3.66953E-6
5.70000E+1	3.75055E-6	3.80189E-6	3.83391E-6
5.80000E+1	3.92064E-6	3.97197E-6	4.01493E-6
5.90000E+1	4.09631E-6	4.13833E-6	4.19165E-6
6.00000E+1	4.27931E-6	4.33437E-6	4.31179E-6
5.90000E+1	4.09817E-6	4.15277E-6	4.18862E-6
5.80000E+1	3.92424E-6	3.97873E-6	4.01284E-6
5.70000E+1	3.75439E-6	3.80480E-6	3.83903E-6
5.60000E+1	3.58617E-6	3.63553E-6	3.67023E-6
5.50000E+1	3.41982E-6	3.47337E-6	3.50538E-6
5.40000E+1	3.26277E-6	3.26638E-6	3.34636E-6
5.30000E+1	3.10631E-6	3.15462E-6	3.17988E-6
5.20000E+1	2.95369E-6	3.00107E-6	3.02261E-6
5.10000E+1	2.80957E-6	2.85532E-6	2.88396E-6
5.00000E+1	2.66614E-6	2.71015E-6	2.74065E-6
4.90000E+1	2.52761E-6	2.55578E-6	2.59990E-6
4.80000E+1	2.39443E-6	2.43308E-6	2.44973E-6
4.70000E+1	2.26428E-6	2.30235E-6	2.33215E-6
4.60000E+1	2.13622E-6	2.17557E-6	2.20246E-6
4.50000E+1	2.01410E-6	2.03180E-6	2.06614E-6
4.40000E+1	1.89652E-6	1.93238E-6	1.94600E-6
4.30000E+1	1.78267E-6	1.81759E-6	1.84227E-6
4.20000E+1	1.67079E-6	1.66846E-6	1.72784E-6
4.10000E+1	1.56544E-6	1.60036E-6	1.56032E-6
4.00000E+1	1.46066E-6	1.49675E-6	1.51619E-6
3.90000E+1	1.36055E-6	1.39559E-6	1.41514E-6
3.80000E+1	1.26858E-6	1.30117E-6	1.31968E-6
3.70000E+1	1.17836E-6	1.20862E-6	1.17766E-6
3.60000E+1	1.09361E-6	1.11957E-6	1.13889E-6
3.50000E+1	1.01142E-6	1.03714E-6	1.05274E-6
3.40000E+1	9.31206E-7	9.57283E-7	9.65083E-7
3.30000E+1	8.57632E-7	8.80216E-7	8.93953E-7
3.20000E+1	7.83010E-7	8.06060E-7	8.17468E-7
3.10000E+1	7.14557E-7	7.27829E-7	6.92555E-7
3.00000E+1	6.51344E-7	6.33649E-7	6.62869E-7
2.90000E+1	5.90575E-7	6.11879E-7	6.19213E-7
2.80000E+1	5.32717E-7	5.51576E-7	5.61005E-7
2.70000E+1	4.80446E-7	4.94183E-7	4.73228E-7
2.60000E+1	4.30387E-7	4.47384E-7	4.54485E-7
2.50000E+1	3.83705E-7	3.99305E-7	3.98490E-7
2.40000E+1	3.41563E-7	3.42028E-7	3.56114E-7
2.30000E+1	3.03145E-7	2.95811E-7	3.12110E-7
2.20000E+1	2.65310E-7	2.57045E-7	2.45171E-7
2.10000E+1	2.32481E-7	2.37022E-7	2.29571E-7
2.00000E+1	2.02796E-7	1.97906E-7	2.01049E-7
1.90000E+1	1.74623E-7	1.81142E-7	1.65077E-7
1.80000E+1	1.50176E-7	1.55997E-7	1.56346E-7
1.70000E+1	1.26660E-7	1.33528E-7	1.33296E-7
1.60000E+1	1.07684E-7	1.11526E-7	9.98844E-8
1.50000E+1	9.05711E-8	8.45175E-8	9.34815E-8
1.40000E+1	7.50879E-8	7.74162E-8	7.19447E-8
1.30000E+1	6.20494E-8	6.23986E-8	5.25033E-8
1.20000E+1	5.02914E-8	5.07571E-8	4.41214E-8
1.10000E+1	4.20259E-8	4.16767E-8	3.94648E-8
1.00000E+1	3.27127E-8	3.48082E-8	2.51457E-8
9.00000E+0	2.68919E-8	2.60770E-8	2.13040E-8
8.00000E+0	2.14204E-8	2.09548E-8	1.45519E-8
7.00000E+0	1.61817E-8	1.72295E-8	1.25729E-8
6.00000E+0	1.31549E-8	1.29221E-8	8.49832E-9
5.00000E+0	1.01281E-8	1.12923E-8	5.58794E-9
4.00000E+0	8.03266E-9	7.91624E-9	4.19095E-9
3.00000E+0	6.98492E-9	7.33416E-9	2.91038E-9
2.00000E+0	5.70435E-9	7.56700E-9	3.02680E-9
1.00000E+0	6.51926E-9	6.75209E-9	2.56114E-9
0.00000E+0	6.17001E-9	6.28643E-9	1.62981E-9
-1.00000E+0	6.28643E-9	7.91624E-9	2.21189E-9
-2.00000E+0	8.03266E-9	6.51926E-9	2.56114E-9
-3.00000E+0	6.28643E-9	7.10134E-9	2.21189E-9
-4.00000E+0	6.75209E-9	7.10134E-9	3.02680E-9
-5.00000E+0	6.98492E-9	7.33416E-9	2.91038E-9
-6.00000E+0	7.56700E-9	7.68341E-9	3.37604E-9
-7.00000E+0	7.68341E-9	7.21775E-9	3.60887E-9
-8.00000E+0	7.10134E-9	8.73115E-9	3.95812E-9
-9.00000E+0	8.26549E-9	9.42964E-9	4.30737E-9
-1.00000E+1	7.91624E-9	8.73115E-9	5.35510E-9
-1.10000E+1	8.61473E-9	9.66247E-9	4.77303E-9
-1.20000E+1	9.08040E-9	8.73115E-9	5.58794E-9
-1.30000E+1	8.14907E-9	9.66247E-9	5.12227E-9
-1.40000E+1	9.89530E-9	1.15251E-8	5.82077E-9
-1.50000E+1	9.77889E-9	1.01281E-8	6.17001E-9
-1.60000E+1	9.77889E-9	1.11759E-8	6.05360E-9
-1.70000E+1	1.02446E-8	1.17580E-8	7.10134E-9
-1.80000E+1	1.22236E-8	1.17580E-8	8.26549E-9
-1.90000E+1	1.10595E-8	1.36206E-8	7.21775E-9
-2.00000E+1	1.30385E-8	1.36206E-8	8.14907E-9
-2.10000E+1	1.32714E-8	1.35042E-8	9.54606E-9
-2.20000E+1	1.35042E-8	1.36206E-8	9.31323E-9
-2.30000E+1	1.36206E-8	1.46683E-8	1.11759E-8
-2.40000E+1	1.42027E-8	1.55996E-8	1.21072E-8
-2.50000E+1	1.64146E-8	1.61817E-8	1.21072E-8
