*&	2/16/2018	12:44 PM
User = Nils
Sample = 
Notes = 

236 Current Range = Autorange
NPLC = 0.00000E+0
Compliance = 0.00000E+0 A 
Sweep Type = Linear

Pulse Mode Off
Delay = 0.00000E+0 S 

Electrometer Current Range = Autorange
NPLC = 0.00000E+0
Vp = -7.29424E+0 V 
On/Off Ratio = 1.50433E+3
Mobility& = 9.91533E-3 cm^2/Vs 
Saturation Regime 
Transistor F1
T = -200.000000 C

Gate Leakage	-5.65256E-6	-4.34084E-8	-4.56785E-8
Drain Voltage	58.00000	59.00000	60.00000

Gate Voltage	Drain Current	Drain Current	Drain Current
-2.50000E+1	6.18165E-8	5.23869E-8	3.38769E-8
-2.40000E+1	4.63333E-8	4.40050E-8	4.08618E-8
-2.30000E+1	3.95812E-8	4.00469E-8	3.80678E-8
-2.20000E+1	3.57395E-8	3.72529E-8	3.44589E-8
-2.10000E+1	3.36440E-8	3.23635E-8	3.15485E-8
-2.00000E+1	3.09665E-8	2.96859E-8	2.89874E-8
-1.90000E+1	2.82889E-8	2.79397E-8	2.65427E-8
-1.80000E+1	2.73576E-8	2.53785E-8	2.36323E-8
-1.70000E+1	2.42144E-8	2.43308E-8	2.28174E-8
-1.60000E+1	2.45636E-8	2.28174E-8	2.03727E-8
-1.50000E+1	2.14204E-8	2.22353E-8	1.92085E-8
-1.40000E+1	2.06055E-8	2.03727E-8	1.76951E-8
-1.30000E+1	1.90921E-8	1.94414E-8	1.60653E-8
-1.20000E+1	1.78115E-8	1.82772E-8	1.49012E-8
-1.10000E+1	1.83936E-8	1.65310E-8	1.31549E-8
-1.00000E+1	1.66474E-8	1.62982E-8	1.31549E-8
-9.00000E+0	1.57161E-8	1.50176E-8	1.21072E-8
-8.00000E+0	1.46683E-8	1.46683E-8	1.07102E-8
-7.00000E+0	1.43191E-8	1.37370E-8	1.15251E-8
-6.00000E+0	1.44355E-8	1.24564E-8	1.00117E-8
-5.00000E+0	1.46683E-8	1.24564E-8	9.77889E-9
-4.00000E+0	1.24564E-8	1.24564E-8	9.08040E-9
-3.00000E+0	1.18744E-8	1.14087E-8	8.38190E-9
-2.00000E+0	1.26893E-8	1.25729E-8	8.96398E-9
-1.00000E+0	1.28057E-8	1.03610E-8	7.56700E-9
0.00000E+0	1.24564E-8	1.00117E-8	8.38190E-9
1.00000E+0	1.10595E-8	9.42964E-9	7.56700E-9
2.00000E+0	1.04774E-8	1.05938E-8	6.86850E-9
3.00000E+0	1.17580E-8	9.77889E-9	7.45058E-9
4.00000E+0	1.31549E-8	9.42964E-9	6.63567E-9
5.00000E+0	1.43191E-8	1.01281E-8	6.17001E-9
6.00000E+0	1.71131E-8	9.08040E-9	6.51926E-9
7.00000E+0	2.35159E-8	1.03610E-8	5.93718E-9
8.00000E+0	3.83006E-8	9.89530E-9	6.17001E-9
9.00000E+0	6.07688E-8	9.77889E-9	6.75209E-9
1.00000E+1	9.74396E-8	8.49832E-9	6.98492E-9
1.10000E+1	1.52504E-7	9.08040E-9	8.49832E-9
1.20000E+1	2.35741E-7	9.89530E-9	9.31323E-9
1.30000E+1	3.44356E-7	1.09430E-8	1.16415E-8
1.40000E+1	4.85568E-7	1.24564E-8	1.32714E-8
1.50000E+1	6.54720E-7	1.32714E-8	1.65310E-8
1.60000E+1	8.59261E-7	1.46683E-8	2.08383E-8
1.70000E+1	1.10769E-6	1.78115E-8	2.40980E-8
1.80000E+1	1.38313E-6	2.17697E-8	3.02680E-8
1.90000E+1	1.69477E-6	2.25846E-8	3.64380E-8
2.00000E+1	2.04134E-6	2.80561E-8	4.54020E-8
2.10000E+1	2.43983E-6	3.63216E-8	5.80912E-8
2.20000E+1	2.87965E-6	4.15603E-8	6.91507E-8
2.30000E+1	3.33099E-6	5.09899E-8	8.46339E-8
2.40000E+1	3.82110E-6	1.93366E-7	1.08732E-7
2.50000E+1	4.35521E-6	4.26196E-7	1.27708E-7
2.60000E+1	4.94264E-6	7.69156E-7	1.56229E-7
2.70000E+1	5.56780E-6	1.01537E-6	1.98604E-7
2.80000E+1	6.22391E-6	1.77778E-6	2.35741E-7
2.90000E+1	6.95512E-6	2.18547E-6	2.84985E-7
3.00000E+1	7.59144E-6	2.78186E-6	3.34461E-7
3.10000E+1	8.36176E-6	3.59607E-7	4.09316E-7
3.20000E+1	9.18563E-6	4.18513E-7	4.84986E-7
3.30000E+1	1.01556E-5	4.54718E-7	5.67758E-7
3.40000E+1	1.11303E-5	5.22006E-7	6.38655E-7
3.50000E+1	1.20102E-5	5.91390E-7	7.51228E-7
3.60000E+1	1.29638E-5	6.95931E-7	8.84756E-7
3.70000E+1	1.40466E-5	8.01519E-7	9.90462E-7
3.80000E+1	1.51579E-5	9.17353E-7	1.12434E-6
3.90000E+1	1.63092E-5	1.01433E-6	1.30793E-6
4.00000E+1	1.75259E-5	1.15018E-6	1.49664E-6
4.10000E+1	1.87841E-5	1.31503E-6	1.67883E-6
4.20000E+1	2.01153E-5	1.51654E-6	1.80141E-6
4.30000E+1	2.16055E-5	1.69524E-6	2.10304E-6
4.40000E+1	2.30508E-5	1.93180E-6	2.36474E-6
4.50000E+1	2.45170E-5	2.12493E-6	2.60747E-6
4.60000E+1	2.60636E-5	2.37534E-6	2.86440E-6
4.70000E+1	2.76465E-5	2.64379E-6	3.14251E-6
4.80000E+1	2.93221E-5	2.92657E-6	3.46371E-6
4.90000E+1	3.10054E-5	3.27581E-6	3.78350E-6
5.00000E+1	3.27128E-5	3.58175E-6	4.15312E-6
5.10000E+1	3.44607E-5	3.97104E-6	4.55615E-6
5.20000E+1	3.61799E-5	4.36278E-6	4.95021E-6
5.30000E+1	3.82165E-5	4.81296E-6	5.22507E-6
5.40000E+1	5.02821E-6	5.28025E-6	5.61797E-6
5.50000E+1	5.81367E-6	5.72880E-6	6.08037E-6
5.60000E+1	6.20470E-6	6.28049E-6	6.62997E-6
5.70000E+1	6.59085E-6	6.87863E-6	6.94010E-6
5.80000E+1	7.06897E-6	7.38935E-6	7.38911E-6
5.90000E+1	7.59517E-6	8.06071E-6	8.21100E-6
6.00000E+1	8.12917E-6	8.68249E-6	8.93150E-6
5.90000E+1	7.55617E-6	8.27655E-6	8.37061E-6
5.80000E+1	7.05768E-6	7.86514E-6	8.10809E-6
5.70000E+1	6.61961E-6	7.47573E-6	7.53638E-6
5.60000E+1	6.16582E-6	6.98376E-6	6.98376E-6
5.50000E+1	5.71343E-6	6.54755E-6	6.70820E-6
5.40000E+1	5.33974E-6	6.16477E-6	6.27176E-6
5.30000E+1	4.91552E-6	5.76326E-6	5.80784E-6
5.20000E+1	4.55987E-6	5.37466E-6	5.36244E-6
5.10000E+1	4.16837E-6	4.93811E-6	4.95033E-6
5.00000E+1	3.84753E-6	4.61249E-6	4.64509E-6
4.90000E+1	3.52331E-6	4.26196E-6	4.27128E-6
4.80000E+1	3.19129E-6	3.90876E-6	3.95090E-6
4.70000E+1	2.91213E-6	3.59444E-6	3.57861E-6
4.60000E+1	2.64833E-6	3.28966E-6	3.33041E-6
4.50000E+1	2.40596E-6	3.05020E-6	2.93378E-6
4.40000E+1	2.16823E-6	2.79082E-6	2.74321E-6
4.30000E+1	1.96951E-6	2.54007E-6	2.39571E-6
4.20000E+1	1.76160E-6	2.29117E-6	2.24472E-6
4.10000E+1	1.55915E-6	2.08337E-6	1.95659E-6
4.00000E+1	1.39046E-6	1.85298E-6	1.87976E-6
3.90000E+1	1.23808E-6	1.67242E-6	1.68278E-6
3.80000E+1	1.10955E-6	1.50234E-6	1.49617E-6
3.70000E+1	9.73349E-7	1.34588E-6	1.29384E-6
3.60000E+1	8.71951E-7	1.19919E-6	1.19582E-6
3.50000E+1	7.53207E-7	1.06206E-6	1.05717E-6
3.40000E+1	6.44941E-7	9.52627E-7	8.91974E-7
3.30000E+1	5.45871E-7	8.23871E-7	8.03033E-7
3.20000E+1	4.78700E-7	7.16187E-7	7.03964E-7
3.10000E+1	3.95463E-7	6.38072E-7	6.10715E-7
3.00000E+1	3.35858E-7	5.46221E-7	5.25848E-7
2.90000E+1	2.84170E-7	4.70434E-7	4.22471E-7
2.80000E+1	2.32132E-7	3.98140E-7	3.78233E-7
2.70000E+1	1.97557E-7	3.42261E-7	3.19211E-7
2.60000E+1	1.56462E-7	2.84635E-7	2.62866E-7
2.50000E+1	1.26078E-7	2.40863E-7	2.22237E-7
2.40000E+1	1.03260E-7	1.93482E-7	1.80211E-7
2.30000E+1	8.52160E-8	1.62865E-7	1.51107E-7
2.20000E+1	6.79865E-8	1.32364E-7	1.19093E-7
2.10000E+1	5.35511E-8	1.09198E-7	9.56934E-8
2.00000E+1	4.36557E-8	8.84756E-8	7.76490E-8
1.90000E+1	3.21306E-8	6.94999E-8	6.04196E-8
1.80000E+1	2.57278E-8	5.84405E-8	4.92437E-8
1.70000E+1	2.06055E-8	4.55184E-8	3.78350E-8
1.60000E+1	1.80444E-8	3.55067E-8	2.89874E-8
1.50000E+1	1.57161E-8	2.79397E-8	2.16532E-8
1.40000E+1	1.31549E-8	2.10712E-8	1.58325E-8
1.30000E+1	1.17580E-8	1.60653E-8	1.35042E-8
1.20000E+1	1.07102E-8	1.32714E-8	1.04774E-8
1.10000E+1	1.08266E-8	1.17580E-8	8.38190E-9
1.00000E+1	1.00117E-8	1.04774E-8	7.56700E-9
9.00000E+0	1.03610E-8	9.31323E-9	6.28643E-9
8.00000E+0	1.15251E-8	9.66247E-9	6.51926E-9
7.00000E+0	1.12923E-8	1.02446E-8	6.75209E-9
6.00000E+0	1.15251E-8	1.01281E-8	7.21775E-9
5.00000E+0	1.05938E-8	9.77889E-9	7.68341E-9
4.00000E+0	1.16415E-8	1.05938E-8	6.98492E-9
3.00000E+0	1.12923E-8	1.01281E-8	7.10134E-9
2.00000E+0	1.04774E-8	9.77889E-9	7.79983E-9
1.00000E+0	1.31549E-8	1.05938E-8	7.10134E-9
0.00000E+0	1.19908E-8	1.04774E-8	7.79983E-9
-1.00000E+0	1.23400E-8	1.11759E-8	8.03266E-9
-2.00000E+0	1.26893E-8	1.05938E-8	7.79983E-9
-3.00000E+0	1.24564E-8	1.16415E-8	8.38190E-9
-4.00000E+0	1.30385E-8	1.21072E-8	8.49832E-9
-5.00000E+0	1.40863E-8	1.24564E-8	1.01281E-8
-6.00000E+0	1.37370E-8	1.29221E-8	9.08040E-9
-7.00000E+0	1.46683E-8	1.37370E-8	1.02446E-8
-8.00000E+0	1.38534E-8	1.37370E-8	1.08266E-8
-9.00000E+0	1.64146E-8	1.46683E-8	1.11759E-8
-1.00000E+1	1.81608E-8	1.46683E-8	1.25729E-8
-1.10000E+1	1.83936E-8	1.53668E-8	1.25729E-8
-1.20000E+1	1.94414E-8	1.60653E-8	1.40863E-8
-1.30000E+1	1.82772E-8	1.82772E-8	1.51340E-8
-1.40000E+1	1.90921E-8	1.86264E-8	1.51340E-8
-1.50000E+1	2.03727E-8	1.97906E-8	1.68802E-8
-1.60000E+1	2.22353E-8	2.14204E-8	1.81608E-8
-1.70000E+1	2.30502E-8	2.23517E-8	1.97906E-8
-1.80000E+1	2.39816E-8	2.50293E-8	2.17697E-8
-1.90000E+1	2.71248E-8	2.61934E-8	2.31667E-8
-2.00000E+1	2.77069E-8	2.86382E-8	2.64263E-8
-2.10000E+1	3.02680E-8	3.09665E-8	2.70083E-8
-2.20000E+1	3.15485E-8	3.16650E-8	2.99187E-8
-2.30000E+1	3.41097E-8	3.56231E-8	3.29455E-8
-2.40000E+1	3.77186E-8	3.76021E-8	3.42261E-8
-2.50000E+1	3.84171E-8	3.95812E-8	3.73693E-8
