*&	2/16/2018	2:09 PM
User = Nils
Sample = 
Notes = 

236 Current Range = Autorange
NPLC = 0.00000E+0
Compliance = 0.00000E+0 A 
Sweep Type = Linear

Pulse Mode Off
Delay = 0.00000E+0 S 

Electrometer Current Range = Autorange
NPLC = 0.00000E+0
Vp = -8.05959E+0 V 
On/Off Ratio = 6.63600E+3
Mobility& = 1.27646E-3 cm^2/Vs 
Saturation Regime 
Transistor C2
T = -200.000000 C

Gate Leakage	-1.81317E-8	-1.77388E-8	-2.03727E-8
Drain Voltage	58.00000	59.00000	60.00000

Gate Voltage	Drain Current	Drain Current	Drain Current
-2.50000E+1	2.49129E-8	2.54950E-8	3.37604E-9
-2.40000E+1	2.09548E-8	2.31667E-8	1.72295E-8
-2.30000E+1	1.95578E-8	2.02563E-8	1.59489E-8
-2.20000E+1	1.88593E-8	2.11876E-8	1.46683E-8
-2.10000E+1	1.80444E-8	1.86264E-8	1.36206E-8
-2.00000E+1	1.75787E-8	1.74623E-8	1.18744E-8
-1.90000E+1	1.65310E-8	1.64146E-8	1.10595E-8
-1.80000E+1	1.66474E-8	1.55996E-8	1.04774E-8
-1.70000E+1	1.52504E-8	1.38534E-8	9.08040E-9
-1.60000E+1	1.30385E-8	1.36206E-8	8.14907E-9
-1.50000E+1	1.40863E-8	1.32714E-8	7.33416E-9
-1.40000E+1	1.25729E-8	1.26893E-8	7.33416E-9
-1.30000E+1	1.11759E-8	1.18744E-8	6.05360E-9
-1.20000E+1	1.15251E-8	1.15251E-8	5.58794E-9
-1.10000E+1	1.02446E-8	1.02446E-8	5.35510E-9
-1.00000E+1	1.16415E-8	9.66247E-9	4.19095E-9
-9.00000E+0	9.89530E-9	9.66247E-9	4.77303E-9
-8.00000E+0	9.42964E-9	1.05938E-8	3.37604E-9
-7.00000E+0	9.19681E-9	8.73115E-9	3.25963E-9
-6.00000E+0	8.49832E-9	8.26549E-9	3.02680E-9
-5.00000E+0	8.61473E-9	7.68341E-9	2.79397E-9
-4.00000E+0	7.33416E-9	8.14907E-9	2.21189E-9
-3.00000E+0	7.10134E-9	7.33416E-9	2.32831E-9
-2.00000E+0	7.68341E-9	7.68341E-9	1.62981E-9
-1.00000E+0	6.51926E-9	7.91624E-9	9.31323E-10
0.00000E+0	6.98492E-9	6.98492E-9	1.97906E-9
1.00000E+0	6.75209E-9	7.33416E-9	1.16415E-9
2.00000E+0	6.98492E-9	6.98492E-9	5.82077E-10
3.00000E+0	6.86850E-9	8.73115E-9	1.28057E-9
4.00000E+0	6.51926E-9	7.33416E-9	3.49246E-10
5.00000E+0	7.33416E-9	7.33416E-9	1.39698E-9
6.00000E+0	6.28643E-9	7.33416E-9	1.16415E-9
7.00000E+0	6.98492E-9	6.98492E-9	1.04774E-9
8.00000E+0	6.98492E-9	6.28643E-9	1.74623E-9
9.00000E+0	6.51926E-9	6.75209E-9	1.51340E-9
1.00000E+1	6.28643E-9	6.17001E-9	1.04774E-9
1.10000E+1	6.51926E-9	7.10134E-9	1.62981E-9
1.20000E+1	5.70435E-9	6.98492E-9	1.28057E-9
1.30000E+1	6.63567E-9	6.51926E-9	3.25963E-9
1.40000E+1	6.98492E-9	6.98492E-9	3.25963E-9
1.50000E+1	7.10134E-9	8.61473E-9	3.72529E-9
1.60000E+1	6.98492E-9	8.26549E-9	6.51926E-9
1.70000E+1	5.93718E-9	8.96398E-9	6.51926E-9
1.80000E+1	6.75209E-9	1.12923E-8	9.66247E-9
1.90000E+1	6.75209E-9	1.38534E-8	1.35042E-8
2.00000E+1	6.98492E-9	1.50176E-8	1.62982E-8
2.10000E+1	8.96398E-9	1.83936E-8	2.06055E-8
2.20000E+1	8.73115E-9	2.00234E-8	2.53785E-8
2.30000E+1	1.09430E-8	2.42144E-8	3.05008E-8
2.40000E+1	1.24564E-8	2.94531E-8	3.81842E-8
2.50000E+1	1.44355E-8	3.55067E-8	4.73810E-8
2.60000E+1	1.83936E-8	4.30737E-8	5.62286E-8
2.70000E+1	2.10712E-8	5.25033E-8	6.76373E-8
2.80000E+1	2.71248E-8	6.10016E-8	7.90460E-8
2.90000E+1	2.91038E-8	7.56700E-8	9.37143E-8
3.00000E+1	3.67872E-8	8.61473E-8	1.10827E-7
3.10000E+1	4.52856E-8	1.03028E-7	1.36555E-7
3.20000E+1	5.54137E-8	1.19675E-7	1.54483E-7
3.30000E+1	6.82194E-8	1.40397E-7	1.79862E-7
3.40000E+1	8.21892E-8	1.66357E-7	2.02330E-7
3.50000E+1	9.95351E-8	1.86963E-7	2.29338E-7
3.60000E+1	1.17230E-7	2.18162E-7	2.60770E-7
3.70000E+1	1.42143E-7	2.52272E-7	2.97790E-7
3.80000E+1	1.65659E-7	2.84403E-7	3.38187E-7
3.90000E+1	1.94763E-7	3.37372E-7	3.83938E-7
4.00000E+1	2.29338E-7	3.58908E-7	4.25498E-7
4.10000E+1	2.71364E-7	4.14904E-7	4.57629E-7
4.20000E+1	3.11877E-7	4.66011E-7	5.18630E-7
4.30000E+1	3.47150E-7	5.17233E-7	5.74510E-7
4.40000E+1	4.09433E-7	5.78701E-7	5.93369E-7
4.50000E+1	4.66360E-7	6.52741E-7	6.75442E-7
4.60000E+1	5.41331E-7	7.22241E-7	7.49365E-7
4.70000E+1	5.95115E-7	7.89761E-7	8.39704E-7
4.80000E+1	6.84755E-7	8.74861E-7	9.20030E-7
4.90000E+1	7.76839E-7	9.59495E-7	9.84524E-7
5.00000E+1	8.67178E-7	1.04750E-6	1.08627E-6
5.10000E+1	9.37143E-7	1.15298E-6	1.17568E-6
5.20000E+1	1.02073E-6	1.24681E-6	1.29687E-6
5.30000E+1	1.12283E-6	1.34483E-6	1.39000E-6
5.40000E+1	1.24739E-6	1.45379E-6	1.51689E-6
5.50000E+1	1.33435E-6	1.58348E-6	1.61666E-6
5.60000E+1	1.44111E-6	1.70316E-6	1.76823E-6
5.70000E+1	1.54646E-6	1.81573E-6	1.89443E-6
5.80000E+1	1.66986E-6	1.97499E-6	2.01503E-6
5.90000E+1	1.79536E-6	2.11212E-6	2.15101E-6
6.00000E+1	1.94530E-6	2.24996E-6	2.31760E-6
5.90000E+1	1.87440E-6	2.13319E-6	2.18290E-6
5.80000E+1	1.75100E-6	2.01596E-6	2.04646E-6
5.70000E+1	1.64681E-6	1.90374E-6	1.92749E-6
5.60000E+1	1.55636E-6	1.77277E-6	1.78488E-6
5.50000E+1	1.44355E-6	1.66392E-6	1.69221E-6
5.40000E+1	1.32550E-6	1.55543E-6	1.58686E-6
5.30000E+1	1.22585E-6	1.46206E-6	1.46369E-6
5.20000E+1	1.14250E-6	1.35787E-6	1.36916E-6
5.10000E+1	1.05973E-6	1.25926E-6	1.29000E-6
5.00000E+1	9.72184E-7	1.17195E-6	1.20793E-6
4.90000E+1	8.91392E-7	1.08138E-6	1.07766E-6
4.80000E+1	8.17701E-7	9.93023E-7	1.02061E-6
4.70000E+1	7.43312E-7	9.14908E-7	9.42498E-7
4.60000E+1	6.84988E-7	8.33883E-7	8.72882E-7
4.50000E+1	6.18864E-7	7.66246E-7	7.62753E-7
4.40000E+1	5.69387E-7	6.96280E-7	7.33999E-7
4.30000E+1	5.09899E-7	6.30738E-7	6.68224E-7
4.20000E+1	4.51575E-7	5.68107E-7	6.01867E-7
4.10000E+1	4.10131E-7	5.11878E-7	5.16651E-7
4.00000E+1	3.63681E-7	4.68106E-7	4.84404E-7
3.90000E+1	3.33530E-7	4.19444E-7	4.39584E-7
3.80000E+1	2.97674E-7	3.76254E-7	3.88711E-7
3.70000E+1	2.65078E-7	3.37721E-7	3.51923E-7
3.60000E+1	2.30619E-7	3.05008E-7	3.14089E-7
3.50000E+1	2.04425E-7	2.69385E-7	2.81609E-7
3.40000E+1	1.76253E-7	2.36905E-7	2.44356E-7
3.30000E+1	1.55065E-7	2.06404E-7	2.12691E-7
3.20000E+1	1.36089E-7	1.84518E-7	1.85217E-7
3.10000E+1	1.16415E-7	1.61002E-7	1.65543E-7
3.00000E+1	9.75560E-8	1.39000E-7	1.36788E-7
2.90000E+1	8.23056E-8	1.21770E-7	1.20024E-7
2.80000E+1	7.03148E-8	1.03726E-7	1.00234E-7
2.70000E+1	5.96046E-8	8.84756E-8	8.38190E-8
2.60000E+1	5.02914E-8	7.39237E-8	7.19447E-8
2.50000E+1	4.14439E-8	6.22822E-8	6.34464E-8
2.40000E+1	3.67872E-8	5.32018E-8	5.16884E-8
2.30000E+1	2.85218E-8	4.27244E-8	4.27244E-8
2.20000E+1	2.25846E-8	3.52738E-8	3.41097E-8
2.10000E+1	2.11876E-8	2.94531E-8	2.77069E-8
2.00000E+1	1.75787E-8	2.37487E-8	2.20025E-8
1.90000E+1	1.43191E-8	1.81608E-8	1.64146E-8
1.80000E+1	1.38534E-8	1.64146E-8	1.21072E-8
1.70000E+1	1.18744E-8	1.21072E-8	9.08040E-9
1.60000E+1	9.66247E-9	9.77889E-9	6.98492E-9
1.50000E+1	8.96398E-9	8.26549E-9	5.58794E-9
1.40000E+1	7.33416E-9	7.10134E-9	3.95812E-9
1.30000E+1	8.14907E-9	5.70435E-9	3.95812E-9
1.20000E+1	7.68341E-9	5.35510E-9	2.09548E-9
1.10000E+1	7.33416E-9	5.00586E-9	1.86265E-9
1.00000E+1	7.10134E-9	7.56700E-9	2.32831E-9
9.00000E+0	7.45058E-9	5.58794E-9	1.51340E-9
8.00000E+0	6.98492E-9	5.58794E-9	1.16415E-9
7.00000E+0	8.61473E-9	5.35510E-9	1.74623E-9
6.00000E+0	6.86850E-9	5.70435E-9	1.97906E-9
5.00000E+0	7.21775E-9	5.35510E-9	1.97906E-9
4.00000E+0	6.51926E-9	5.70435E-9	2.32831E-9
3.00000E+0	7.33416E-9	5.58794E-9	2.09548E-9
2.00000E+0	7.21775E-9	5.35510E-9	2.32831E-9
1.00000E+0	6.75209E-9	6.28643E-9	1.74623E-9
0.00000E+0	7.91624E-9	6.51926E-9	2.32831E-9
-1.00000E+0	7.33416E-9	6.17001E-9	2.79397E-9
-2.00000E+0	8.49832E-9	6.51926E-9	2.56114E-9
-3.00000E+0	7.56700E-9	6.17001E-9	3.37604E-9
-4.00000E+0	7.33416E-9	7.10134E-9	3.60887E-9
-5.00000E+0	8.26549E-9	8.96398E-9	3.72529E-9
-6.00000E+0	8.26549E-9	7.56700E-9	3.02680E-9
-7.00000E+0	9.54606E-9	8.26549E-9	3.95812E-9
-8.00000E+0	9.54606E-9	8.96398E-9	4.77303E-9
-9.00000E+0	8.49832E-9	8.61473E-9	4.30737E-9
-1.00000E+1	1.02446E-8	9.31323E-9	5.35510E-9
-1.10000E+1	9.89530E-9	9.31323E-9	6.51926E-9
-1.20000E+1	1.09430E-8	9.54606E-9	6.75209E-9
-1.30000E+1	1.16415E-8	1.05938E-8	6.51926E-9
-1.40000E+1	1.15251E-8	1.09430E-8	7.21775E-9
-1.50000E+1	1.35042E-8	1.17580E-8	7.33416E-9
-1.60000E+1	1.29221E-8	1.21072E-8	8.96398E-9
-1.70000E+1	1.31549E-8	1.22236E-8	8.26549E-9
-1.80000E+1	1.42027E-8	1.36206E-8	9.54606E-9
-1.90000E+1	1.46683E-8	1.36206E-8	1.03610E-8
-2.00000E+1	1.61817E-8	1.54832E-8	1.09430E-8
-2.10000E+1	1.58325E-8	1.69966E-8	1.26893E-8
-2.20000E+1	1.69966E-8	1.60653E-8	1.29221E-8
-2.30000E+1	1.82772E-8	1.69966E-8	1.40863E-8
-2.40000E+1	1.86264E-8	1.80444E-8	1.52504E-8
-2.50000E+1	1.97906E-8	1.92085E-8	1.61817E-8
